uuid, score, group
18279715-57a5-404c-b056-1ef2fa14dbac, 0.9078947368421053, 0
188f4d29-17e5-4ca8-a6c3-7bcbb44b1178, 0.9078947368421053, 0
18b3d877-2356-4030-9a4a-292395f8b0db, 0.9078947368421053, 0
190e4e67-f392-4ce4-9278-1bf6bec67c46, 0.9078947368421053, 0
1926415d-896d-44c6-940c-02c0e7949589, 0.9078947368421053, 0
1b1e9558-3cab-4fae-92dc-a6704be51716, 0.9078947368421053, 0
1b89c970-0155-4866-80d0-d570cb1df602, 0.9078947368421053, 0
1e832db9-52d4-4c74-921a-d9220e643fbc, 0.9078947368421053, 0
1e9a2eaa-d2c7-4b15-950f-f0ef6a891933, 0.9078947368421053, 0
205fcdd6-e5c9-46c5-bc2b-cf4601ec282e, 0.9078947368421053, 0
20ed6aff-ab0e-4666-9f0b-ad5565b0ccae, 0.9078947368421053, 0
212b5dd7-a4d9-48fd-98b2-169590ab5b0a, 0.9078947368421053, 0
21579821-5bcf-4b02-a102-77629c1aefe4, 0.9078947368421053, 0
22384388-deff-47e3-b76d-983bf9dcf124, 0.9078947368421053, 0
2264a863-a73a-49b0-9b3f-d3cc68051985, 0.9078947368421053, 0
22b3f908-529b-4900-9c2d-771689c7f829, 0.9078947368421053, 0
2312b370-9fb4-4845-94f0-ddde15b21700, 0.9078947368421053, 0
2346d96c-1d01-4cda-9f40-67202dd007dc, 0.9078947368421053, 0
237d5e17-2402-41d2-9f3f-8fc9d38f2a3d, 0.9078947368421053, 0
241e31bb-8b53-4f0f-9366-f44bd588f021, 0.9078947368421053, 0
25514e51-3246-4763-b632-c340d6f46e8d, 0.9078947368421053, 0
25ad0d18-2fd6-4d95-b6bf-4596befdd8cb, 0.9078947368421053, 0
25b4d24d-e791-4777-9adc-fa49c8a6227c, 0.9078947368421053, 0
286b1adc-cd48-4129-945e-b7cdd3fa6bc8, 0.9078947368421053, 0
28ea08f1-4886-4bf8-b02b-04188bb72167, 0.9078947368421053, 0
2a5cb595-e3f4-4bfd-a797-563f1dc96246, 0.9078947368421053, 0
2bf6bfd0-0cf9-4985-bdc3-5347eb528e28, 0.9078947368421053, 0
2c4ad343-d3c5-45a6-b304-f4f9227d7bee, 0.9078947368421053, 0
2d6e126f-3bc7-48ab-b9c1-d6b5d06cd39d, 0.9078947368421053, 0
2d908c3f-9418-4321-b18d-2a5f7d51dbb2, 0.9078947368421053, 0
2e5c16ae-063c-45b2-a4c7-d1a99d35b715, 0.9078947368421053, 0
2ecab37f-0d76-40f8-b601-61094afcbdc0, 0.9078947368421053, 0
2edd1472-8667-4a5f-ae9e-7b0196885869, 0.9078947368421053, 0
2ef35568-35ba-4726-bfff-4a5492182482, 0.9078947368421053, 0
3042be9d-ee75-465b-95bf-75318c481f75, 0.9078947368421053, 0
30a47d5d-dce3-4226-bc0f-c778dccc802e, 0.9078947368421053, 0
317e66f3-f156-4cc1-bcef-87d8f61fd0a2, 0.9078947368421053, 0
31a209cb-c634-40e7-b811-ec505c331ae2, 0.9078947368421053, 0
31a2ddf5-3661-40f5-bf1b-36772d3377d1, 0.9078947368421053, 0
3285a533-a896-4840-a5f5-c4c559fae497, 0.9078947368421053, 0
335af532-8699-430a-b2d7-383f5f588f1a, 0.9078947368421053, 0
33d49b88-679b-4118-b668-48d9b79caf3e, 0.9078947368421053, 1
33f966eb-dc16-4aa4-a442-2200d28a84b7, 0.9078947368421053, 0
352474c7-2685-486d-b7b6-40d4a3cb92c3, 0.9078947368421053, 0
3529f21c-4441-4abc-bc95-12a6903e1355, 0.9078947368421053, 0
3592bb49-730d-4162-b287-c0e0c8610bc4, 0.9078947368421053, 1
3598bfb2-8fe4-4dcd-a0e1-1dc0260488e3, 0.9078947368421053, 1
35dc560f-a250-4b7b-b6cb-9ea67c84a0dc, 0.9078947368421053, 0
36b7a294-180b-4296-96b6-efa7426b3f62, 0.9078947368421053, 0
36baadef-2a17-4625-9831-61dcc1b68ee3, 0.9078947368421053, 1
36d3eb67-81c1-4da9-9a82-43bba8f91ddf, 0.9078947368421053, 0
36dced3e-1dc3-4a8f-bc28-43fe0229ad64, 0.9078947368421053, 0
3752efc3-7dfe-41c4-a0f7-6fbdc2e31e4c, 0.9078947368421053, 1
379c2ed0-aef1-4bb6-8049-e7f28322efa4, 0.9078947368421053, 0
379ef096-1a71-4846-a588-6a57fb2b41ae, 0.9078947368421053, 0
37c31a43-c863-48ee-bc7e-ca67abd0caf4, 0.9078947368421053, 0
37fdfd4d-fe19-4f78-9d14-d9adb4a798f7, 0.9078947368421053, 1
38561b8d-fe86-4127-a0b3-9c9002fdb92a, 0.9078947368421053, 0
3869b9ee-689a-4aa3-9c02-e7374d841b9f, 0.9078947368421053, 0
389d6fc6-4b21-4013-865e-81ca554cc6ef, 0.9078947368421053, 1
39687dab-3690-4340-88f8-416579cb36de, 0.9078947368421053, 1
39dcdd12-f623-46c0-926a-89ea7d95380c, 0.9078947368421053, 1
39e4a040-f60f-49b1-96fd-48107286f5e1, 0.9078947368421053, 1
3a413072-ae59-4b47-a6a2-ab2238abbb31, 0.9078947368421053, 1
3ab70a39-0c37-41cd-b968-5ee8706eb357, 0.9078947368421053, 0
3ac4898d-58ba-465a-bfaa-c21fc7335d85, 0.9078947368421053, 0
3aeabfed-5090-48de-98dd-fdd9dabddf6b, 0.9078947368421053, 0
3b5ad916-c6ec-4d41-a294-b2eefcb1dd03, 0.9078947368421053, 0
3d35d8cd-03b3-4663-8ecb-912479a9bba7, 0.9078947368421053, 0
3d4f8847-4ba7-4124-b214-e23ef51975f7, 0.9078947368421053, 0
3d859e85-6805-4117-a4bb-f69f31160664, 0.9078947368421053, 0
3ddd3796-b821-4f0a-b5e2-d2b649e7fbad, 0.9078947368421053, 0
3dee7f54-b87e-4a70-9c68-718f1a2f0f71, 0.9078947368421053, 1
3efda609-3f52-489d-b9bd-1b9a6e609b27, 0.9078947368421053, 1
3f02adb2-338c-4bac-9724-72d25207df72, 0.9078947368421053, 0
3f05ea5f-1922-4286-9ad1-de62bb88bcad, 0.9078947368421053, 0
3fbb953d-58e8-4282-aade-c42b1e138351, 0.9078947368421053, 1
406e82bc-2b84-4794-9f3c-82a127b54403, 0.9078947368421053, 1
40927b9b-b094-438e-81e9-524a40f725ea, 0.9078947368421053, 1
41580588-0a71-44fc-be88-f8da2fc3b842, 0.9078947368421053, 1
41698de9-7d43-43e9-9c27-400aab11f706, 0.9078947368421053, 0
4393c2a8-e525-4c90-805a-c34046db31cf, 0.9078947368421053, 1
43c34164-373b-405b-b354-110042ac770d, 0.9078947368421053, 1
4450bab8-2f7b-4642-8f0b-dd5297e7dca6, 0.9078947368421053, 0
44524d78-5e50-4ca3-a5b6-92635c002761, 0.9078947368421053, 1
4495fb4b-97ed-4648-873a-f12e3fb0a6fa, 0.9078947368421053, 0
44ee5b4b-6d69-49cd-997f-11a01ba7baa0, 0.9078947368421053, 0
45135d44-3931-42a3-b198-f1f2a9e70c85, 0.9078947368421053, 0
451abf49-8d19-442c-bc0b-81f01366d9e6, 0.9078947368421053, 1
45819a45-d57c-4554-b834-facda6bcaa20, 0.9078947368421053, 0
459b0810-5bc7-48fb-95cd-ac1f967df7de, 0.9078947368421053, 0
45f82f45-5ac7-4f18-bcd1-53b0a309abbd, 0.9078947368421053, 0
462c5b74-a9f0-4352-b4ef-20f8d037b1b9, 0.9078947368421053, 0
4644c485-f501-4756-80d6-63ef2a3da8bd, 0.9078947368421053, 0
46d9fc5e-7199-4bc5-b2b0-cd344a6b5138, 0.9078947368421053, 0
471e33da-9052-4910-acd8-6de8e869a885, 0.9078947368421053, 1
47759aee-2480-48f2-8cac-09a7791efb92, 0.9078947368421053, 1
477bbbd5-2f6c-49d3-9ca6-fea959810c71, 0.9078947368421053, 1
47cf6a4a-57f0-4c45-8592-2d98258d492e, 0.9078947368421053, 0
47d45a80-cbaf-4b13-acca-4754bb829911, 0.9078947368421053, 1
47ec0bc0-1981-4995-97a0-d82d31c101e7, 0.9078947368421053, 1
47f8f695-8b26-4df4-b04b-fd247cd06af3, 0.9078947368421053, 0
48149a26-84b1-48ea-83c1-415e5ace7659, 0.9078947368421053, 1
48174915-f83f-4168-8300-cb13877dc258, 0.9078947368421053, 1
48689417-28b9-4804-b281-472393e473b7, 0.9078947368421053, 0
48b350ab-9488-4433-aedb-87dad4183b07, 0.9078947368421053, 0
491b4800-1f9f-4cd1-8986-da8587c08a09, 0.9078947368421053, 1
499d7c33-c3db-40e2-9c20-dafe1b932e39, 0.9078947368421053, 0
49b224b0-46dc-4a63-9d87-512b7dd82e6d, 0.9078947368421053, 1
49f13594-3c2b-43a0-bee9-d6924d91b758, 0.9078947368421053, 0
4be9b6eb-5b73-4ce1-bc5d-8c8728db2ff8, 0.9078947368421053, 1
4c542c28-9634-41aa-bc46-68f19ad01240, 0.9078947368421053, 1
4d3e427a-38bb-4b46-9793-bba15b3d5a59, 0.9078947368421053, 0
4d4d5183-2cff-4bc6-b9bd-ffa6f3a668ba, 0.9078947368421053, 0
4eb79736-d6a1-4877-a204-80e7019bae29, 0.9078947368421053, 0
4ee4748f-a57e-428b-999f-4baa8f8df5fb, 0.9078947368421053, 0
4fa8b5a7-37b6-4038-a29d-9d6de5a381aa, 0.9078947368421053, 1
507bf8cd-7c91-4afc-8eec-291500bb3249, 0.9078947368421053, 0
51b2e715-694a-43aa-b5f3-1d46adf67ead, 0.9078947368421053, 1
51b95b3f-bb61-496a-b678-0eaa722471a9, 0.9078947368421053, 1
51ef4a9d-acb3-481c-b233-5fa8103b9f02, 0.9078947368421053, 1
5318a4ce-e215-4f33-8ad5-ce37bb729985, 0.9078947368421053, 0
53659cf5-7faa-4f75-8410-ed6c43dff1f1, 0.9078947368421053, 1
5396a4c3-dbb2-41f7-985b-23d2ec7c729b, 0.9078947368421053, 1
5420b5cf-3f7d-4078-830b-b43fd0db8ad3, 0.9078947368421053, 1
543e3642-fb2e-4c16-8f0b-3647246ff36f, 0.9078947368421053, 0
55c8f01e-93c2-4fd7-b8ba-253ef7e8d4d7, 0.9078947368421053, 0
55e2dc0b-a9af-40e2-afe6-9f95a94cb6e0, 0.9078947368421053, 1
5686b05a-fe29-43b9-bf28-8066af39b151, 0.9078947368421053, 0
56b91b76-9cea-43fd-819f-fe91e47b99c1, 0.9078947368421053, 0
56e11a49-dc32-4c4c-8a21-9ef36f5e4b92, 0.9078947368421053, 1
57185833-18be-4638-8b28-025d19524eb2, 0.9078947368421053, 0
5759c526-e9ad-4582-b552-a2a1e252302d, 0.9078947368421053, 0
57627344-6a8c-4a8c-b3ca-91788ce8c32a, 0.9078947368421053, 1
5764b2b6-6d9e-49e5-a526-d94ac13f77f4, 0.9078947368421053, 1
57bb1798-ccac-4d69-8452-8ab4e77d51a0, 0.9078947368421053, 1
57e812ac-4c1c-4d4d-b3c4-ec0edb465b11, 0.9078947368421053, 0
583033ca-d1fb-4530-83ef-e74145d0dbc5, 0.9078947368421053, 0
584cce8c-50bb-4994-a769-2f59d5932440, 0.9078947368421053, 0
59768976-4b42-42f1-a076-07ec2dc1d3a0, 0.9078947368421053, 1
5b000ad5-1cc1-4a17-9b46-cbe5d009c1aa, 0.9078947368421053, 0
5b3bbdf8-44b5-4151-b134-b56c7588aa5d, 0.9078947368421053, 0
5b886f47-30e1-43c5-ad78-49a3e70193ef, 0.9078947368421053, 1
5d59a4e7-5420-4291-8058-35cd58a2234f, 0.9078947368421053, 1
5d5c5518-ba71-4f67-ada1-99bba61b6059, 0.9078947368421053, 0
5d89aa9e-c443-4494-8c98-5f89744c38f6, 0.9078947368421053, 0
5ed50ea8-c34d-4252-b3e6-a63722b475d5, 0.9078947368421053, 1
5eda6e4f-dc7e-48f4-83dc-291b270bec34, 0.9078947368421053, 1
5efcf4d7-13b3-4cae-aa45-e4b8ca15a3d5, 0.9078947368421053, 1
5f65e060-c318-4d50-b45d-3d10286b031f, 0.9078947368421053, 0
5f9f1646-40c1-4741-8201-64c974a57624, 0.9078947368421053, 1
5fca56e1-b5cb-48dc-8ebb-41a22564b243, 0.9078947368421053, 1
60cdf986-6485-4b2e-b58d-3de3125408fa, 0.9078947368421053, 1
60d8ace4-b7c7-438a-8feb-f85f75ad6446, 0.9078947368421053, 1
6149dc52-0409-41b8-ad14-d20b510568e5, 0.9078947368421053, 0
62ea46d2-b1b0-48d4-b9a7-4e0656c59787, 0.9078947368421053, 1
63ab441b-8e77-4cd4-b4d8-b79c8e07fca6, 0.9078947368421053, 0
63d54993-39d0-405e-b489-8dc6da9717a5, 0.9078947368421053, 1
6472ea54-9080-45d3-86ae-3a0f57b5041c, 0.9078947368421053, 0
6488c1d2-336d-4d76-9969-6f1126ac1773, 0.9078947368421053, 1
663376bc-8dcf-4bba-82ba-5665d2f1b6ea, 0.9078947368421053, 0
66d46ea9-f299-4282-8118-c8c8f7ca3ea6, 0.9078947368421053, 0
679570ef-5e64-465d-aac0-99f0f228e86e, 0.9078947368421053, 1
67b966e5-944e-4a1f-b629-0505b5b8ce06, 0.9078947368421053, 0
67feedcd-a70e-41b1-aa72-6114cdca82d9, 0.9078947368421053, 0
680d7b4d-2ed0-4ef8-9e1d-736d0be6b1fe, 0.9078947368421053, 0
68843530-4825-4a91-957f-901d3e47afff, 0.9078947368421053, 0
694ddbee-b591-489a-a84b-10e4c324f314, 0.9078947368421053, 1
6a358cb3-e596-4344-80f0-4ee49ac53e7c, 0.9078947368421053, 0
6ab33ebd-75fd-43c6-be35-cffb4e44cb15, 0.9078947368421053, 1
6acb46c8-58f3-4c3a-b957-db9eed9a6edf, 0.9078947368421053, 0
6aea8e62-8e19-4cf8-856d-0c51caf3290c, 0.9078947368421053, 1
6b947fba-21a9-4b9d-9070-5cca0866da30, 0.9078947368421053, 0
6c23e3d7-c302-4b90-99b7-857df600d93a, 0.9078947368421053, 1
6cbcfa10-b37e-4e64-a5a9-ded348784a0b, 0.9078947368421053, 0
6d0a3145-b969-4194-9cd4-056f2a9c55df, 0.9078947368421053, 0
6d54d68e-48d2-410b-ab8c-df5079fae7f5, 0.9078947368421053, 0
6e39d5f4-71db-4a62-80dd-1a92a695586a, 0.9078947368421053, 1
6ee97a10-5039-49da-b381-3ce46f8776a1, 0.9078947368421053, 1
6f86c9fd-21d8-42b6-8316-bdc607f9dd66, 0.9078947368421053, 1
7080d8f7-8be1-4c40-8881-17bd1f96e488, 0.9078947368421053, 1
70a7f9c3-46f4-4a51-afcd-f199d376643f, 0.9078947368421053, 1
71c844b8-2605-41d3-9c5b-361498179764, 0.9078947368421053, 0
720251e6-2606-4fac-9d04-9df4e85e966e, 0.9078947368421053, 0
7258aa60-09ce-4f37-bc06-75d3af56ea36, 0.9078947368421053, 0
72e0ae1c-3095-420e-b638-ec3b48090154, 0.9078947368421053, 0
73050aee-093a-4409-9ee3-85d021abbec3, 0.9078947368421053, 0
73ef8977-6769-466f-bcc7-cf8ef0508cb6, 0.9078947368421053, 1
7415ae1d-0873-472a-8fa1-44f589084d4d, 0.9078947368421053, 1
7434abfc-225e-415e-a42c-20167dd1115d, 0.9078947368421053, 1
746ef1d3-72f7-4c51-b778-ce06ea9fe7fb, 0.9078947368421053, 1
749efb6e-36a9-428a-94fb-332510e5d576, 0.9078947368421053, 1
74b0fb37-81a2-4258-bf70-f143ed37939e, 0.9078947368421053, 1
74f32b99-1740-41c7-a263-f8a16158c9f7, 0.9078947368421053, 0
74fae538-4c48-4850-8ce1-fac27a79cd53, 0.9078947368421053, 1
752198e7-85c1-4cad-a6a3-5995a0a3bad6, 0.9078947368421053, 0
75abcea6-b493-4d58-bece-3e2999cf0c2f, 0.9078947368421053, 0
76044336-ecd8-47e3-8f5a-f93a0ab52b84, 0.9078947368421053, 1
76123f1d-442b-43f9-b02a-990cba02707d, 0.9078947368421053, 1
77d092a9-35e1-483a-85fb-e1e8d7963f5d, 0.9078947368421053, 1
78028722-0338-4f85-958c-bd58ffe4410f, 0.9078947368421053, 0
7870b4be-bbb0-4a60-9fa1-54d213ffb3cc, 0.9078947368421053, 0
78c9b0c4-e2db-467b-841b-392a7d352046, 0.9078947368421053, 0
79532c96-0a06-48b6-9209-3e79c3f8252e, 0.9078947368421053, 1
79703fe3-d944-4da3-9645-ee77171a33dc, 0.9078947368421053, 0
798b441c-a4dc-4d9f-bce2-d04195f390c4, 0.9078947368421053, 0
79ad6a42-2ac1-4649-83ab-6a4555a712b9, 0.9078947368421053, 1
79eccfcc-d6ae-4b00-a953-c38aeed4ed8b, 0.9078947368421053, 1
7a318180-4c82-429a-9003-ff248f13788c, 0.9078947368421053, 0
7a3d8451-af8c-4f4e-87a9-dd230b425c3a, 0.9078947368421053, 0
7b7b4a3b-cd7a-4df0-ac61-7f225ef73008, 0.9078947368421053, 0
7bc5b1b8-e046-479f-ab5b-da0ebf8c42af, 0.9078947368421053, 0
7c28afbc-ec34-4a50-b413-bb524d64c562, 0.9078947368421053, 0
7c2da5fa-6f0f-4fcd-9b11-900ab16d3117, 0.9078947368421053, 0
7d695a6f-f581-4298-a1ac-313fd38954a1, 0.9078947368421053, 0
7d8bcbfd-b016-4105-94b1-7267c6811e67, 0.9078947368421053, 1
7e0758e9-0ab2-4b63-ba63-74ca89acfe91, 0.9078947368421053, 0
7ec75380-aac4-47a1-a9d4-6ba59b7dda88, 0.9078947368421053, 0
7ee9eb4d-d611-4e37-987a-18c701d3126f, 0.9078947368421053, 0
7ef73397-20fd-4db2-888f-73e5e126da8a, 0.9078947368421053, 0
7f309f22-c775-4b57-9105-a49b17b74f79, 0.9078947368421053, 1
7f619e34-2a7a-46c2-bfe7-6dea890a7049, 0.9078947368421053, 1
7f7fe55e-747c-4349-9ccc-9c16a7cb8615, 0.9078947368421053, 0
7fb966e3-ee6a-444d-8c18-297769c91447, 0.9078947368421053, 0
7fc51ab0-b7a0-4800-b473-582d1d594e2e, 0.9078947368421053, 1
7fe2c4fb-527f-41b7-806e-0040c1035fe2, 0.9078947368421053, 0
7fefa433-d7af-44b6-8f3b-6c06e600c199, 0.9078947368421053, 0
8006255f-0115-4bfa-808d-b934072225dd, 0.9078947368421053, 1
8067eccb-8dce-418b-9e19-2c49e32d1928, 0.9078947368421053, 1
8159a0bd-e2e3-4e2e-8519-15245e27863e, 0.9078947368421053, 0
822864b2-3ac1-40a6-909a-e9bb7ec66ddb, 0.9078947368421053, 1
82809f17-be33-45fb-91af-cd210ad0f430, 0.9078947368421053, 1
82dfacc8-7082-4f5f-a567-08fea28bb3dd, 0.9078947368421053, 1
83bca2fa-e157-4c6d-afc3-1745c59dd6e7, 0.9078947368421053, 0
83d94d7a-f405-4f13-94b6-5ed9e0ebaff2, 0.9078947368421053, 1
84547284-aa7b-4900-a800-4c3c29c9a0bc, 0.9078947368421053, 0
84639d98-aeac-4d78-be9b-c83557bde2d8, 0.9078947368421053, 0
8521f0db-309b-4ffa-a2d4-c8441fdd3b3d, 0.9078947368421053, 1
85320b24-43ea-4639-9be8-e338dde27b43, 0.9078947368421053, 0
8569fbda-7cf7-4bf9-affa-2d95eaf25e48, 0.9078947368421053, 0
87109f30-6d0a-4706-8448-b3f92edfa0a0, 0.9078947368421053, 0
8736a021-fd45-4626-abd5-64a148024715, 0.9078947368421053, 0
879f3663-bd5c-4727-a245-4c5c9b0e5cf2, 0.9078947368421053, 1
8851455d-f1f6-4626-8b6f-0b265dd96102, 0.9078947368421053, 0
8946fb1c-914b-4357-87d1-861c62912fbf, 0.9078947368421053, 0
89e0db3f-3c70-4e09-a6b7-d97b3283abc5, 0.9078947368421053, 0
8a600ef3-5510-4b29-a509-fc7b3b8c822a, 0.9078947368421053, 0
8a930868-9998-4767-b5c8-7175bb1dde6e, 0.9078947368421053, 0
8b0467a6-8608-4adc-b669-45e85a0c6492, 0.9078947368421053, 0
8b6a801f-a2a6-4dab-b953-f3661f59cc95, 0.9078947368421053, 1
8c7477c9-aba6-43e4-ad03-2574c114751f, 0.9078947368421053, 0
8d389653-f3b7-4507-90d5-1495a57ca8bf, 0.9078947368421053, 0
8e4ab55c-e92b-416a-b4cd-f057db4e1697, 0.9078947368421053, 1
8e9a5449-8de6-469a-8b5c-817d7700e035, 0.9078947368421053, 0
8e9f32ae-8c51-4795-ab2c-a5f5631d15a7, 0.9078947368421053, 0
8f3f36b9-9389-481b-b529-cb36e8a306b7, 0.9078947368421053, 1
8fd21e6c-2741-42c9-b50c-7e448240cb1a, 0.9078947368421053, 0
9062ad27-a60a-4942-8ed3-89105464cce8, 0.9078947368421053, 1
90f618b7-b56b-40a3-9ff4-8ca96e689dc4, 0.9078947368421053, 0
9175bfd7-fd3c-4477-b656-0914c88e35c2, 0.9078947368421053, 0
91cbbd99-6fde-42b4-a70d-56cdba7467ce, 0.9078947368421053, 0
91fe1e8e-316a-4606-b454-3983f221e6d7, 0.9078947368421053, 0
937490bd-5535-4400-a460-c71893d3b00b, 0.9078947368421053, 1
93ae57d1-c4a1-403f-8bbf-78ecf7db96fe, 0.9078947368421053, 1
94cd9a33-88f1-4ee5-8366-e6204be3f939, 0.9078947368421053, 0
9537466d-5f28-4c9e-9ac7-703c3726665a, 0.9078947368421053, 0
95b03c09-c8c5-4bf7-babd-3aea7166a739, 0.9078947368421053, 0
961e95e4-4197-4896-aed9-dad4bb3de546, 0.9078947368421053, 0
96546ed4-d2e1-47b1-af58-086187f4924e, 0.9078947368421053, 0
967519dd-9050-44a9-8475-5da1524b8ebb, 0.9078947368421053, 1
96f1c87f-0049-47d2-b6ed-5b5b6c97c5f3, 0.9078947368421053, 1
975a00b3-ebe9-4cc6-a79d-36eaef3fa044, 0.9078947368421053, 0
986c9da8-0d0c-46f8-b5b3-3f842786b228, 0.9078947368421053, 0
9890712f-b2a8-42cf-93aa-f96e34a860a6, 0.9078947368421053, 1
998998d1-8364-4cd5-850e-d567a8c9c1c5, 0.9078947368421053, 0
9a3b88bd-2b8b-4e87-b7e8-db69ad7de0b6, 0.9078947368421053, 1
9c177c81-0ac8-42f5-8050-16049f324911, 0.9078947368421053, 1
9c256239-8ef5-44ef-a2c5-1400c7436082, 0.9078947368421053, 0
9cb9c26a-24cf-4ac1-b303-f0c76b3a2a1d, 0.9078947368421053, 0
9cca563b-1103-4cfe-886c-71c423635b1e, 0.9078947368421053, 1
9cd5a4b7-8b4c-4f08-8587-323d3d53e285, 0.9078947368421053, 0
9d7eeafc-bc02-43c3-b231-53c1cf2ce3c2, 0.9078947368421053, 0
9da6997b-d7e3-4413-a664-af88b7c1e0bb, 0.9078947368421053, 1
9dbe8352-0b4f-4c53-b246-9bd70b085c81, 0.9078947368421053, 1
9e0d2029-d809-47fc-a4ce-9e6d10c569fe, 0.9078947368421053, 1
9eb43c64-3498-4449-94d2-bcb967994e58, 0.9078947368421053, 0
9ee13bed-304c-40d3-a086-7af15cfa38fb, 0.9078947368421053, 0
9f0062bf-a524-45a2-af88-6645a22454dd, 0.9078947368421053, 0
9f4b592e-2d0d-418b-bfb9-3da44762b4b7, 0.9078947368421053, 0
9f8e3a1b-0602-4edc-afbf-ef88b69f804c, 0.9078947368421053, 1
9fae06a7-cb63-4142-abfb-18d4c91a51ed, 0.9078947368421053, 1
9fca9d25-96a4-49ef-bff5-92ddd23fc661, 0.9078947368421053, 0
a016fc7f-7eb9-4932-8c4b-c3bf63e69688, 0.9078947368421053, 0
a0629bb4-a684-4e96-985a-c4e97f850362, 0.9078947368421053, 1
a08619a4-67cd-463c-a481-2f2520114c70, 0.9078947368421053, 0
a0fcc61b-30c1-406f-92de-f9e72d0f4f2a, 0.9078947368421053, 0
a11754c6-67aa-4d7f-bc38-b5f501352007, 0.9078947368421053, 1
a125b51f-70cd-438c-b526-bf4b25d42e3e, 0.9078947368421053, 1
a1444f06-f372-414e-9b21-5dbfb6bc688e, 0.9078947368421053, 0
a15733ba-2f66-4be3-9efd-3a221bfe9cd6, 0.9078947368421053, 1
a189f8a6-17bd-42bd-beff-89212339ff1d, 0.9078947368421053, 1
a19d3c43-3746-449f-84e4-54a935c8dcea, 0.9078947368421053, 0
a1f5a2bf-c004-483d-8f88-192a32d92c0e, 0.9078947368421053, 0
a219bde2-5157-4093-8beb-545f38c9824a, 0.9078947368421053, 1
a23c13bd-368e-4589-8e24-e3b8e4732735, 0.9078947368421053, 1
a2693ca8-662d-4398-8d90-1c23bad45b4d, 0.9078947368421053, 0
a27419b8-c49f-49fd-8818-3b6341c32e84, 0.9078947368421053, 0
a343b59e-2d12-4aee-946f-f3b68ae3eda8, 0.9078947368421053, 0
a3af29ca-c4f4-4d6b-951f-58b555522517, 0.9078947368421053, 0
a3b01f55-6635-4d4d-9241-0182c26fe453, 0.9078947368421053, 0
a3e11068-d7e5-46b2-9abb-0c4282d74381, 0.9078947368421053, 0
a3fd5a80-70ef-4cd4-84c7-90f22207d914, 0.9078947368421053, 0
a4f2ba44-db2b-4c97-a7a2-76bad129e803, 0.9078947368421053, 0
a5c7a4ef-d016-4723-b524-f2b774560048, 0.9078947368421053, 1
a5c9a74f-9e0f-4a2e-8b2c-15916c7acb77, 0.9078947368421053, 1
a65b2754-8485-43e4-8fe3-da078c25745b, 0.9078947368421053, 1
a7020751-997c-43c3-8834-dbcec0ab8107, 0.9078947368421053, 0
a71f5e17-42ef-42c0-ae93-1d9b10c01825, 0.9078947368421053, 1
a74daef3-7b4f-4aa7-badb-537bf165f952, 0.9078947368421053, 1
a787c417-48cc-406d-bf8a-973c873af5fe, 0.9078947368421053, 0
a8041762-93eb-4df8-b81c-1ad9bb167369, 0.9078947368421053, 0
a82d3b96-52f5-4262-827a-d1a7021da7ed, 0.9078947368421053, 0
a861a9f9-26b7-4fc3-8f75-49d486e39137, 0.9078947368421053, 1
a865dae5-b8e8-4504-8c75-dda4325d92a3, 0.9078947368421053, 0
a8a4bbec-e949-4766-84ee-895724c7b9d9, 0.9078947368421053, 0
a8cec450-871a-43b3-94b7-9b30c84cf9fc, 0.9078947368421053, 0
a8e61a57-1260-4000-879e-cf73aee0093e, 0.9078947368421053, 1
a95f354a-e956-4e0d-8f64-402500f35819, 0.9078947368421053, 1
a96113c1-5637-46bb-8f86-0854ec736ed1, 0.9078947368421053, 0
aa431154-c4b4-412f-b63b-0875489264c5, 0.9078947368421053, 1
aab3c750-3067-4698-b2d4-afcdf668aab9, 0.9078947368421053, 1
aacfa8b3-dfe1-46bd-b915-656283535646, 0.9078947368421053, 0
abc455af-c04e-4fef-826a-ee77d495ded6, 0.9078947368421053, 0
abe5c6a7-3cef-4310-8ea2-643306f832e8, 0.9078947368421053, 1
abebe65f-c432-41d9-8a8a-2854222cd5e3, 0.9078947368421053, 0
ac1b5d1d-321a-4213-934a-64767a255ba3, 0.9078947368421053, 1
ac1e9c0f-ddf8-4e93-916f-4ce5eb652313, 0.9078947368421053, 1
ac36b049-4cfd-450c-9341-ad8abde252ff, 0.9078947368421053, 0
acad5ba2-c751-46a6-be83-3ca109be8012, 0.9078947368421053, 0
ad48caf4-8461-4d52-b46e-310d92b360b8, 0.9078947368421053, 0
adafafaa-436f-4a55-8843-d534856eed89, 0.9078947368421053, 0
adce78d9-ec76-49fb-81b2-1fc6cb32cc72, 0.9078947368421053, 1
adfd2565-02e4-46db-9863-b11b3c9a39a3, 0.9078947368421053, 0
ae7ba637-3667-4522-b665-bd50bd5cf966, 0.9078947368421053, 1
af94fc14-5e60-46ee-96b3-b1088a5eac1f, 0.9078947368421053, 1
afeca78b-70cd-4487-b6af-beae0eed06ae, 0.9078947368421053, 1
b02547df-4745-44c6-b6ae-2055e785a855, 0.9078947368421053, 0
b09e8ff6-3ad4-440c-99ed-1b213c4b2c6f, 0.9078947368421053, 1
b12923b6-7d93-48d2-bb76-fa0d95547f0b, 0.9078947368421053, 0
b1d7ba93-f66a-4b3f-82e0-3c2bc33e8b3a, 0.9078947368421053, 0
b1fc9ed1-da7c-4d23-a208-0ba531be5c32, 0.9078947368421053, 1
b269984e-1e3f-4260-843f-9bce489c7fef, 0.9078947368421053, 0
b2709211-6a6e-406e-970b-6fba3a1e26cb, 0.9078947368421053, 0
b28ee3dc-6cb6-49e8-885c-1803b1352a41, 0.9078947368421053, 0
b2c2c877-07ea-4093-bd29-c30095146b05, 0.9078947368421053, 0
b2cc0d73-11c7-4789-a522-e42de28c4d22, 0.9078947368421053, 0
b3059e1d-70d7-4e95-8123-1d6459427ba9, 0.9078947368421053, 1
b444157a-70fb-4a02-9d73-867e287482ce, 0.9078947368421053, 0
b4748956-a1c8-4180-a9ad-25ac035bc228, 0.9078947368421053, 0
b585e7da-0f64-4681-bc80-3822f8d4653d, 0.9078947368421053, 0
b5a847c3-8910-4f6c-8207-bddda2e23f2b, 0.9078947368421053, 1
b66fef5a-4a18-4fff-8e79-7b7e01a0d642, 0.9078947368421053, 0
b6c9be60-5cf1-473f-9033-5227f6913447, 0.9078947368421053, 0
b75aa154-e51f-4c2c-b081-1e9a9132f520, 0.9078947368421053, 0
b78e2300-c2cb-4560-9fdc-4a69085bc8da, 0.9078947368421053, 1
b810454d-f8b7-4aa6-b91d-34bb28e15c03, 0.9078947368421053, 1
b87bc646-dcb8-4437-ab8a-4b7668143211, 0.9078947368421053, 1
ba38e1d9-8c99-494f-8066-3b944a354f7d, 0.9078947368421053, 1
ba4943bf-9740-44a4-9e9a-0a1e10a78950, 0.9078947368421053, 1
bab1de7f-7f15-4a9c-b5b7-5ceb42ebcfdd, 0.9078947368421053, 1
bade2b73-09bf-4ac0-95d3-69264c70ec48, 0.9078947368421053, 0
baeb6417-735d-4ae5-830a-43a29399364e, 0.9078947368421053, 1
bb745c04-ff79-461c-948e-8160964fbe85, 0.9078947368421053, 0
bba1c03d-aece-46ff-8567-c4e91101a3a1, 0.9078947368421053, 1
bbfe0ed5-a751-4a24-a9a7-748e42b5ee84, 0.9078947368421053, 0
bc116c9d-e1e7-4394-a235-d144f870bf4d, 0.9078947368421053, 0
bc5c5fff-57bf-40e9-8cd8-d1f140ad38b5, 0.9078947368421053, 1
bcdbe924-e857-4833-923f-53c440c8a0c0, 0.9078947368421053, 0
be74eca3-6a31-4b5a-978f-849c6c62db57, 0.9078947368421053, 0
bebefa5d-7840-4d3a-abb7-98e14d99b00d, 0.9078947368421053, 1
bee5165a-e366-4eed-8459-f26d53efa0f8, 0.9078947368421053, 1
bef6cdd8-fe04-4085-8e3c-e3bcdd626eba, 0.9078947368421053, 0
bfc0d191-9d15-4733-bbe1-eb0126568e2c, 0.9078947368421053, 0
bfdc0438-b71e-4fbc-ac37-9978a63ae020, 0.9078947368421053, 1
c03e321f-1072-44d1-9355-734ac414a7f5, 0.9078947368421053, 1
c040863d-2b35-43dd-850c-b66b27a49c9e, 0.9078947368421053, 0
c06b535d-e3f6-4b76-926b-4f2cea023f5c, 0.9078947368421053, 1
c099a121-5a85-45d8-b744-c6df3d03f331, 0.9078947368421053, 1
c11821d5-ecda-4158-a152-67f6b7b036c4, 0.9078947368421053, 1
c1dbbf3e-3a8d-407b-86f1-3bd124fe1540, 0.9078947368421053, 1
c1ebd93a-ed77-4138-963d-bf5a69dc269b, 0.9078947368421053, 1
c3aa6198-67ea-4635-836e-a1a500c7ec20, 0.9078947368421053, 0
c41857a1-9754-41a1-851a-a01132caf325, 0.9078947368421053, 0
c4ad2004-232d-476e-8348-28e0df254174, 0.9078947368421053, 0
c4f9ab50-48d4-43a1-a169-76c4249b137b, 0.9078947368421053, 1
c5203dc8-7187-461a-ba4c-d0969ec3ac08, 0.9078947368421053, 1
c5b66010-876d-44da-9e65-7b677f15bf94, 0.9078947368421053, 1
c6885d00-98e8-4341-8602-9ab01b39f721, 0.9078947368421053, 0
c69749b1-d07a-4821-8e1b-c346fb73fcb7, 0.9078947368421053, 0
c6b0b6bf-cc4a-4356-9bf2-c39c01f67ff8, 0.9078947368421053, 1
c6f0b835-45cf-488a-9783-2758b0dd58f2, 0.9078947368421053, 0
c713e804-8f1c-49ae-b193-d910204bcca8, 0.9078947368421053, 0
c727340e-fb2e-4cfa-88a8-c500c575f14f, 0.9078947368421053, 0
c72ab84f-6dc4-4387-89bb-fd279f53326d, 0.9078947368421053, 0
c76904c9-f8db-4165-a4a2-f6bc71c60414, 0.9078947368421053, 1
c7aa4cbf-db08-4ec0-bf7e-dbd05c4faf55, 0.9078947368421053, 1
c88fde12-eec8-4c0c-804d-c2599d76ac1f, 0.9078947368421053, 0
c99ac643-c03f-4f7d-ab6d-b2577fba8f85, 0.9078947368421053, 1
c9edaaf1-65b8-4347-b843-c59cba91f507, 0.9078947368421053, 0
ca4a7ede-20b9-4d7b-aab1-5b52dba7989d, 0.9078947368421053, 0
ca4a9569-e2fb-4b25-8bb9-608f5ab1fd6a, 0.9078947368421053, 0
caac7274-b24d-4a56-9c1b-723699afb37e, 0.9078947368421053, 0
cab5fb8e-dfcf-4856-a91c-f14453acfcda, 0.9078947368421053, 0
cb306545-8b26-4cdb-9ed3-4a3b6135c4f5, 0.9078947368421053, 0
cb45ae6b-78ed-4b49-b41a-eb256c2d93be, 0.9078947368421053, 0
cbf71b0c-b2ca-4438-bd1a-87c0c8bb13ed, 0.9078947368421053, 0
ce298690-bf1a-423c-8d7d-b2ec4f2cf330, 0.9078947368421053, 0
ce5184e2-0463-414f-8a52-e42e6ef110b9, 0.9078947368421053, 0
cec625bd-f6ad-4148-8b24-835bb041564c, 0.9078947368421053, 1
cfa0a302-b489-4100-adaf-bf2ee89574dd, 0.9078947368421053, 0
cfcfb1ad-704e-4387-a891-9d83afac06a6, 0.9078947368421053, 0
cfd7bbd5-1336-450c-9e03-68db56ba09f5, 0.9078947368421053, 1
d016a468-f516-4376-ab44-4516859eb811, 0.9078947368421053, 1
d0311bf6-a6fe-4eaf-9645-d8008e5c243d, 0.9078947368421053, 1
d085e1a3-1dd8-48b9-b166-8586988f0be2, 0.9078947368421053, 0
d1091485-3628-4bf2-8d18-416cea3e81e8, 0.9078947368421053, 0
d1e9ff18-7064-4b1b-bb33-22872ef98dd9, 0.9078947368421053, 0
d27bb9c3-2eeb-44bf-be3c-c41b403426a3, 0.9078947368421053, 1
d2c52625-bd02-496f-99e9-2f2e37b11a90, 0.9078947368421053, 0
d32e694d-c569-4e92-956e-4285c5c88cdb, 0.9078947368421053, 1
d39e483a-fc0b-4a62-a533-b1ea6c9c83d3, 0.9078947368421053, 0
d3c85da9-86ca-4db8-8ece-2167a823f88d, 0.9078947368421053, 1
d4068ec8-6dd1-41a5-96de-cbd7cb953bf2, 0.9078947368421053, 0
d4c98d22-055c-494f-b9a7-32285a51bf12, 0.9078947368421053, 1
d4f54dec-e331-40c7-abe5-e8cca2fd893f, 0.9078947368421053, 1
d5233033-3a0b-4de5-a7da-e6e52900ec03, 0.9078947368421053, 1
d5322aed-77e8-4cdc-9699-183d50ffc0b6, 0.9078947368421053, 1
d5ddc54e-204d-41fa-b64b-9e2644ebc349, 0.9078947368421053, 1
d6c3419f-28e1-4905-9425-d8981f8f5256, 0.9078947368421053, 1
d7b98e76-564b-4fea-92d5-775c41523bd6, 0.9078947368421053, 0
d7d3878f-58ab-4948-9bdc-257f7991a692, 0.9078947368421053, 1
d8fe4c93-b42f-4011-88f6-710b9c59ec80, 0.9078947368421053, 1
d916db2f-5d59-41aa-b08d-b6d613824039, 0.9078947368421053, 0
d9447ccd-f530-4a97-86ba-9f54f7241be8, 0.9078947368421053, 0
d949b26a-122b-40a1-b486-abdb587cc4d1, 0.9078947368421053, 1
da987061-3109-4cd4-9c48-5ae6cdb406b4, 0.9078947368421053, 1
dac17386-6712-4dcb-811c-5049ce453c89, 0.9078947368421053, 0
db22a986-96bb-4e2d-9252-b1a188075957, 0.9078947368421053, 1
db46f917-7c99-4e41-aac4-af88af484426, 0.9078947368421053, 0
dc13909b-7551-49d9-a1b0-2af5865f2007, 0.9078947368421053, 0
dd04026a-c43b-4091-a0cc-608927eef0c2, 0.9078947368421053, 0
dda1a944-2b74-4c2e-bc0a-cdef8667199b, 0.9078947368421053, 1
ddec26ad-8aa8-407a-bc3a-38dc5aa8afe5, 0.9078947368421053, 0
de1576c9-f30b-44c2-a87f-11088bf61b0f, 0.9078947368421053, 1
de345adb-121a-40ad-bfb9-1453f019a63a, 0.9078947368421053, 1
de7a84a5-ec87-405c-b8d7-cf9873119d46, 0.9078947368421053, 0
dea7f1e5-ca7b-4a36-b343-b9b7b6b715db, 0.9078947368421053, 0
df5bc75b-2ac6-4404-b3b0-2cfd8df37bdd, 0.9078947368421053, 1
df5db160-4a53-4a1a-a861-27ad2d9643d8, 0.9078947368421053, 1
df8b0070-5e31-4e3e-8535-3b242856190b, 0.9078947368421053, 0
e012bdb6-b38a-48bc-bc0f-85b8f92e325b, 0.9078947368421053, 0
e03b0d06-20ad-43b4-ad85-95429556f4d7, 0.9078947368421053, 1
e0a233bf-c959-4656-a91c-f90010243102, 0.9078947368421053, 1
e0a9ad44-abbf-4cb1-a63f-76f6877ea4fa, 0.9078947368421053, 0
e0b47b61-dcc4-4e2b-aded-3b52f73dde68, 0.9078947368421053, 1
e12f66c8-26a8-4ffd-9dcd-8610c9de6e36, 0.9078947368421053, 0
e20241fb-649b-4e3a-9344-fe20203d518b, 0.9078947368421053, 1
e28086f5-7024-41d9-b067-83f34e353ddb, 0.9078947368421053, 1
e2c35657-47b7-4787-95ec-bcd4e4525b05, 0.9078947368421053, 0
e30354ab-c24f-4791-b075-2ddec3644e96, 0.9078947368421053, 1
e33274a5-f0aa-4a09-9828-7b68c6aad659, 0.9078947368421053, 0
e344b771-f301-4e08-8d1c-27c4a138bbaa, 0.9078947368421053, 1
e3e08fb8-b672-46da-93ee-0d8a12fd2eb7, 0.9078947368421053, 1
e456096f-9702-4b41-9b32-c2ad12ea78e4, 0.9078947368421053, 0
e45ff6b7-fc96-4e73-b1a4-2878d2aa3151, 0.9078947368421053, 1
e48953fc-a0a9-4b46-bdc0-1244a19db104, 0.9078947368421053, 0
e59283f3-6ddf-4539-a5e1-91eec05d9bb2, 0.9078947368421053, 0
e70c3eac-d5c5-4b2e-a6ee-4e46143bc133, 0.9078947368421053, 1
e747be01-2916-4771-97c4-88b1e27b5de7, 0.9078947368421053, 1
e7d232af-48fb-4bb4-a24f-cb33023574d1, 0.9078947368421053, 1
e8d412a2-34a5-4250-8a41-743ee84bd8e8, 0.9078947368421053, 0
e979675b-fa40-483a-be07-2817550a17d0, 0.9078947368421053, 1
e97ec5a6-6b40-42c7-90a4-a2e14bda9d00, 0.9078947368421053, 1
ea5c1b80-dc27-4aa3-9066-6a2a3c7a7dd1, 0.9078947368421053, 1
ea61e64a-1fe2-4f02-af94-72dcae06d65b, 0.9078947368421053, 0
eac589e6-ec04-4958-bc0f-68f3e793369e, 0.9078947368421053, 1
eace6325-7f07-4db1-9a1d-fea4c2d1a380, 0.9078947368421053, 0
ead6cd19-9b21-4934-8b55-299d492ce1ca, 0.9078947368421053, 0
ec0f745c-8e5c-4748-9f0e-6ad675f3d5f0, 0.9078947368421053, 0
ec15c689-e344-4170-a558-2e7d37f399dd, 0.9078947368421053, 0
ec1c2f40-74bf-41c0-9529-f8891aa9c60a, 0.9078947368421053, 0
ec57ee0d-f096-4052-8e91-5afb7cee012c, 0.9078947368421053, 0
ed4759d6-51a7-492d-bd3c-8df49c4b17e1, 0.9078947368421053, 1
ed75a449-c4f3-4d87-95e5-3ffcd8d4c9e1, 0.9078947368421053, 1
edd83655-e588-447d-8247-4738309d7c69, 0.9078947368421053, 0
ee7dbe92-d82e-4565-a79c-a296cddcf308, 0.9078947368421053, 1
ee988daa-46b5-4af1-a0fe-c723f253df5e, 0.9078947368421053, 1
ee9b2fa9-bc65-481f-83f5-ebecd35ca468, 0.9078947368421053, 0
ef48e580-a8be-4167-bd44-dc52ce226a32, 0.9078947368421053, 0
efcbc01f-ac6b-4bba-8ba8-c85a76ab343f, 0.9078947368421053, 0
efe31733-5499-43d6-88e7-5ed694ea5cf8, 0.9078947368421053, 1
f0dce19f-698e-4014-9618-b551219ea5d2, 0.9078947368421053, 1
f277256b-5d0a-4a9a-8c52-3e4ef71eb1db, 0.9078947368421053, 0
f29e0c0d-65c2-40a6-ad4b-ffc05ea71abd, 0.9078947368421053, 0
f2b248d5-dc81-4e19-8582-be0ad23aaf2e, 0.9078947368421053, 0
f2d61cc2-0ebc-47eb-9639-d32837a12f3d, 0.9078947368421053, 1
f3464376-ea46-43fd-ae32-288e15626d90, 0.9078947368421053, 0
f427976c-3422-4827-b135-eb81850eb63b, 0.9078947368421053, 1
f45e0701-2987-4533-bf76-a032b33e6344, 0.9078947368421053, 0
f4c4f755-592a-4dee-b6b3-89466dca4dde, 0.9078947368421053, 1
f4f1dce8-df59-4e29-be37-2329958143e9, 0.9078947368421053, 1
f4f62a44-ff27-466a-bf4b-58e6fe9bc98a, 0.9078947368421053, 1
f5137fca-2665-4c9c-8d86-a473794e76fa, 0.9078947368421053, 1
f5a8c49a-6808-4503-b8fb-3d8c438864ea, 0.9078947368421053, 0
f5b6b1ad-06d0-4e12-bb23-e0e14d239510, 0.9078947368421053, 0
f5ee1c01-7853-4ae2-93e6-1648ea30cd1e, 0.9078947368421053, 0
f5fe570b-f90f-4c4f-a1cf-91e618da7bc3, 0.9078947368421053, 1
f62c2280-f261-4888-99cd-b8acb54d42f2, 0.9078947368421053, 0
f635e5ea-4fb3-493a-8716-9f72e2ed5b9c, 0.9078947368421053, 0
f63e735c-a75a-4fec-bb3c-6d20b2bca5f0, 0.9078947368421053, 0
f668c0a6-b3a8-44c0-9053-3a3dbcd26615, 0.9078947368421053, 0
f6e3a9b4-5598-4685-bd6a-1becef7aa911, 0.9078947368421053, 1
f797434d-ea28-4640-b7ae-7c76016275a9, 0.9078947368421053, 0
f79e94ae-5d16-461c-a901-6dba36b07c5c, 0.9078947368421053, 1
f7a6cde7-5951-487b-8a3d-b6775d0b8c85, 0.9078947368421053, 0
f7ec3bad-9981-47dc-8f95-b782b3542cb0, 0.9078947368421053, 0
f81423da-a2f4-4002-98b5-6dbf6f97a3bc, 0.9078947368421053, 1
f914e093-0236-45a7-a422-3307b33aafc6, 0.9078947368421053, 1
f928750b-2882-45dc-962f-71d765e5b1cc, 0.9078947368421053, 0
f92e2b2e-0272-4160-bff8-b05c912b7de0, 0.9078947368421053, 0
f948163b-e6b3-44aa-b1e0-378e5cb06f60, 0.9078947368421053, 1
f956f9f8-6497-426c-b120-94b7b81c1d4e, 0.9078947368421053, 0
f9ca50e5-04ee-4518-a625-22252dfbe6e2, 0.9078947368421053, 1
fa849392-80d5-4223-8720-7b4610df52f7, 0.9078947368421053, 0
fb65e4f2-92d3-4433-ae2a-10bbff0fb9bc, 0.9078947368421053, 0
fbaea4db-2dd1-4d33-8f0c-7d85bde487a9, 0.9078947368421053, 0
fbd7089b-34ba-47ff-96f0-b4a1f1f2e6c7, 0.9078947368421053, 0
fc0e7ccb-0efe-4707-947c-de154e054925, 0.9078947368421053, 1
fce0389c-5078-4b2c-8ed9-44e2d35c208c, 0.9078947368421053, 1
fe6aef48-671f-41ec-a8cd-d7b829751544, 0.9078947368421053, 1
fe91f7be-07c1-4f8b-b96c-bc952c4dfbbd, 0.9078947368421053, 1
ff552c7b-b6cd-4e35-adf2-d55fdda11703, 0.9078947368421053, 1
ffa8467b-7505-4375-9206-2d3d28524aa1, 0.9078947368421053, 0
00a13e0c-eaea-48a3-b8fa-c297ffec966f, 0.9013157894736843, 0
01cb16ad-ae06-4d1a-97b2-38d2bf41d38b, 0.9013157894736843, 1
034bbe51-606e-47a8-b1b4-f4f074de0fb3, 0.9013157894736843, 0
03e24f4f-f2e9-4071-9610-3ff5c4a6ad64, 0.9013157894736843, 1
0542b0d9-c62c-4b6b-aae7-5f924644c2f8, 0.9013157894736843, 0
05ae7485-db8f-4ecd-86cc-8cd560e993f6, 0.9013157894736843, 0
060195f7-0099-46a0-99ae-f8588a2a5bf9, 0.9013157894736843, 0
06061e43-89db-4442-a8a1-40cf386f9d30, 0.9013157894736843, 0
06362c1f-c142-40b1-99f9-91f096ab4e5b, 0.9013157894736843, 0
071e8a53-9f54-4114-9b9d-40c11013fe8a, 0.9013157894736843, 0
072c91b1-b9ea-464e-9b2d-c64edefe6349, 0.9013157894736843, 1
087fb055-a5a7-4a5c-9479-383098f6cc3d, 0.9013157894736843, 0
08ed7f12-c5de-4d21-8c06-7dfa4f6b8691, 0.9013157894736843, 1
09224fbd-3f58-43c7-a795-5721a902c51b, 0.9013157894736843, 1
0c4f50f9-2640-4400-842f-e5b35934cc5e, 0.9013157894736843, 0
0cbf80b5-8931-491b-b426-3f46342138fc, 0.9013157894736843, 0
0cd0e78a-ede3-487d-984a-f5792e324145, 0.9013157894736843, 0
0db26d9b-8b57-4660-89c5-63ec078089c5, 0.9013157894736843, 0
0e3679e0-289f-416d-90e9-db3d568ce839, 0.9013157894736843, 0
0e5b9041-8da1-4b36-b325-bf88c543a938, 0.9013157894736843, 1
10187a8d-4490-44a3-aee8-916bb32f7e55, 0.9013157894736843, 0
1143e7d5-cf9f-4343-b179-f83b36b50938, 0.9013157894736843, 0
11b6d3bb-ef9c-47e5-858a-1c4d481831ae, 0.9013157894736843, 1
13154a2b-2a27-4f19-9669-36524880ecd8, 0.9013157894736843, 0
134e2d97-4366-47e9-b95d-4a514357bd4e, 0.9013157894736843, 0
14f37986-1780-4180-a829-77c58dbf8263, 0.9013157894736843, 0
158331ba-7b5f-4557-b272-c7f1fdac12cf, 0.9013157894736843, 1
174150e5-c1d5-4ef6-93a2-311e35046523, 0.9013157894736843, 0
1819f656-9d0d-4ed1-8635-392cf888ce9e, 0.9013157894736843, 0
18889ce7-d3f0-4e52-b74f-d4dd3f23a28a, 0.9013157894736843, 0
19d88bf1-ee3b-435d-9574-67f90789cec9, 0.9013157894736843, 0
1ae9edb9-4a73-4084-a88c-b06a164be53c, 0.9013157894736843, 0
1c0cc9c0-c51d-459c-aa97-3e467b88328b, 0.9013157894736843, 0
1c1eccea-b0e9-46ff-a73e-2cd033105f2b, 0.9013157894736843, 0
1d8508b5-4ae5-4c84-8690-51188db2d96c, 0.9013157894736843, 1
1e0e9990-0d08-4a6c-8f5a-f06b13f0e055, 0.9013157894736843, 1
20269033-28f9-4dd5-a18e-424fe7136e06, 0.9013157894736843, 1
2030574e-f9a8-4a53-8426-8e005446d9e7, 0.9013157894736843, 0
20bf0649-3832-4b4c-8cb4-ae58a7a36cbb, 0.9013157894736843, 0
21334c83-afee-4288-b339-87efef60814f, 0.9013157894736843, 0
226bf9ce-d522-4b6f-bccd-38341807364c, 0.9013157894736843, 0
22ba4360-1b0d-4120-95f6-42a922ebaefd, 0.9013157894736843, 1
2314b0fc-316f-4ac6-b0ef-4944c797e640, 0.9013157894736843, 0
25eb8e0e-c949-416e-9c2e-9c7c1e0ff86b, 0.9013157894736843, 1
26d02cf3-13b8-4ffe-8ed8-427d6975e81d, 0.9013157894736843, 0
294bbd68-4b1e-4c38-ba00-0e35ac9dcde6, 0.9013157894736843, 0
2b8e2737-940a-431c-b301-4aa6e4e8d61f, 0.9013157894736843, 0
2cc146be-d227-4fef-bb48-97687d20c375, 0.9013157894736843, 0
2d7e85ce-c425-41af-97e1-296d786ad4d2, 0.9013157894736843, 0
2ee80717-148a-4605-8598-29b583bc8574, 0.9013157894736843, 0
2ee97c58-9ea3-42d1-bd32-546f7b231c30, 0.9013157894736843, 0
2f469b12-5f7b-489c-bf43-ba4463fa92eb, 0.9013157894736843, 1
30c0f13c-38f3-4e4a-9729-4ef3ae7f558e, 0.9013157894736843, 1
3144bb0a-9b00-43bf-97a0-5618afa4d112, 0.9013157894736843, 0
31c52283-0bab-4791-a5fb-37ef3f6a6bd7, 0.9013157894736843, 0
3326c922-d8d2-4e3e-ae23-63110846d780, 0.9013157894736843, 0
3332d1d1-7c0a-4f64-a131-85b3afc08403, 0.9013157894736843, 0
344e40a5-134b-4e0d-9e23-f689608077dd, 0.9013157894736843, 1
35256bbb-bc9c-44a5-9bb7-2f4c189dae51, 0.9013157894736843, 1
35c05571-a0b4-4f30-929c-1f4005c9c6be, 0.9013157894736843, 0
35d88dde-0582-4db3-8c1c-dfe2639a28a4, 0.9013157894736843, 0
3689bf47-53e1-4859-a824-ad2b7f725086, 0.9013157894736843, 1
37af87fb-0cdd-485e-8fdb-c1f9cc794029, 0.9013157894736843, 0
3a891458-9e1e-450b-8d90-88ba81b2cab0, 0.9013157894736843, 0
3baafb74-1cc9-4d33-864d-cd9ebd6804b2, 0.9013157894736843, 1
3c944d5d-4a1d-4e1d-91e8-fa6da0cc22ee, 0.9013157894736843, 1
3dc68491-d413-4ce1-b167-6d8075ab5d24, 0.9013157894736843, 0
3e6d4891-5078-4be7-bc6a-7072c90fe436, 0.9013157894736843, 0
3f23ae60-1130-4ede-9fbd-cafa467d2fa7, 0.9013157894736843, 1
407e5915-b630-44bc-9b98-72f14d7b9421, 0.9013157894736843, 1
409534c3-4e23-4931-8803-1ce05c5115f1, 0.9013157894736843, 1
43456edf-4d1d-4714-afad-3d26be665756, 0.9013157894736843, 0
43a4723b-ba02-47e9-99cf-a3ec26bb09bc, 0.9013157894736843, 0
44bebc42-aa1a-455f-a9f8-94af93226836, 0.9013157894736843, 0
46f0a123-d414-494b-bcb8-127b3b219a36, 0.9013157894736843, 0
47792777-f231-47de-8d86-3cad4039d0fe, 0.9013157894736843, 0
48647b8a-f9e9-46d9-a147-5bc656754546, 0.9013157894736843, 1
487c700e-660b-4c13-b43c-7f3de8610047, 0.9013157894736843, 1
49e8b4a8-6d96-4c53-99c8-856c438e8f96, 0.9013157894736843, 0
4a956f77-81bd-47d6-9113-53ec0118a75d, 0.9013157894736843, 0
4ac75396-48b0-4aca-8bfe-30c4a55035bf, 0.9013157894736843, 0
4ad718ae-0f65-49ab-a986-c7fbe927f82c, 0.9013157894736843, 0
4b1b6c19-e9fe-4b36-90e7-f07cf85b86a5, 0.9013157894736843, 0
4bfd02e1-5778-4ae0-90f4-66f521898964, 0.9013157894736843, 0
4c3caf21-a3e6-423c-a954-2cabc7188234, 0.9013157894736843, 1
4c594fdf-e5cd-4d2d-8815-2ce948500494, 0.9013157894736843, 0
4cedae31-c3c3-4eaf-b673-1728f6dab38e, 0.9013157894736843, 1
4d01c4d7-c64a-40e5-b0a5-5c1eeecf20b5, 0.9013157894736843, 0
4df367e1-1e8e-47e5-83c0-85a7724f61da, 0.9013157894736843, 0
4e690bec-4f8a-4f20-824c-11c26fa745e7, 0.9013157894736843, 1
4f97aea2-f138-4ee9-a7a9-46b2f6d6bf5f, 0.9013157894736843, 0
508d92db-a6ec-4f82-aa33-44b22f9832b4, 0.9013157894736843, 1
515068b0-19ca-45d3-b6bf-1d3651e0df21, 0.9013157894736843, 1
534b8d6d-ec34-4951-bf23-b00df8c2e463, 0.9013157894736843, 0
554584d4-e450-4df0-80f9-e3b8ab732357, 0.9013157894736843, 0
57fc6c67-1f09-4849-ad39-558445c7f12b, 0.9013157894736843, 0
585ff526-323a-4d24-926a-dde918a63bed, 0.9013157894736843, 1
5938559b-8407-4738-a6b7-d949778ce730, 0.9013157894736843, 0
5aabf70d-c6dc-46f4-867a-f795f65b0260, 0.9013157894736843, 1
5c34fa6c-4964-484e-ac37-56c315268538, 0.9013157894736843, 1
5c7c4ba3-609b-420a-8d69-4e00f8081347, 0.9013157894736843, 1
5cd415a7-335d-4d43-8a5d-a52bb0c90b16, 0.9013157894736843, 0
5d09c458-703b-4884-850f-e31d91dfc1c1, 0.9013157894736843, 1
5d6e408d-d128-40d2-be5f-64b3b504a533, 0.9013157894736843, 1
5fe2152a-ffb2-4b2c-b585-1d006a9a24d7, 0.9013157894736843, 1
6028f488-098f-4e0c-a921-7cc47f7995e6, 0.9013157894736843, 1
60654328-59cc-41d7-a8ed-b207652c9ef9, 0.9013157894736843, 1
613f7188-be17-4e7f-a8de-cb0daae45f83, 0.9013157894736843, 0
6669aa56-88a9-4a99-8938-a62006a5c095, 0.9013157894736843, 1
6ac621ce-1b79-44a1-93da-56ba60947cc8, 0.9013157894736843, 0
6bf2c201-9576-4f98-9de1-68a72a2d2c4c, 0.9013157894736843, 1
6c4ff2cf-506b-49a3-adf4-1bfb9e0bbcd5, 0.9013157894736843, 1
6c7e4574-fcb3-4d2c-8681-3a3b0b035df2, 0.9013157894736843, 0
6d5c6331-d2fd-4ab2-8480-83d2742da517, 0.9013157894736843, 0
6dfdeb30-0c64-43bc-803d-e4da8f15b4df, 0.9013157894736843, 0
6f10366a-803c-4dc6-9a6e-c3479da977bb, 0.9013157894736843, 0
709adf26-b797-4e63-ab89-44f91a9a2e44, 0.9013157894736843, 0
70e9d20a-23cf-4bc4-afae-92062b60fc1a, 0.9013157894736843, 1
71235f2d-f1b9-4c7e-9fe0-9b9555359e56, 0.9013157894736843, 1
7164a6da-2a95-484f-8d41-6fdd4d57927c, 0.9013157894736843, 1
71913574-6b75-48a8-a088-4aef09fd18e8, 0.9013157894736843, 0
719260fe-06b6-4a68-a16d-60e33e1e6e72, 0.9013157894736843, 0
72f8e193-f42e-4fa6-acf8-d5c530a69c57, 0.9013157894736843, 1
7310619a-23a3-410a-a45c-7a72b5c31694, 0.9013157894736843, 0
73115745-180e-4021-a0ed-585a4023fc47, 0.9013157894736843, 0
754afaf3-446d-42b5-a7cb-7d907ca48054, 0.9013157894736843, 0
75b2f9c2-d06b-4c81-8cf0-751906ee6842, 0.9013157894736843, 0
77753810-d25e-4ef7-a59e-26184e730506, 0.9013157894736843, 1
78a5e570-bcb6-4b85-9322-aa09ee712bc0, 0.9013157894736843, 1
78b2563d-cf40-4caf-968e-d20842374068, 0.9013157894736843, 0
79dc02ab-2428-4315-adfb-dea31f360d65, 0.9013157894736843, 1
7a365faa-df73-43dd-aef5-7dc2a11c4879, 0.9013157894736843, 1
7ac3142d-659f-47b3-8149-455b21b166b6, 0.9013157894736843, 0
7b9c2f48-102b-4cdd-9a1b-2e57bfdef48e, 0.9013157894736843, 1
7c242ce2-272e-418c-8de1-174239cc52ea, 0.9013157894736843, 1
7e7b35b0-4817-4630-8a28-b4a06daeeda5, 0.9013157894736843, 1
7e7cb35f-ec68-4a1e-9eec-03074645d286, 0.9013157894736843, 0
7e7d8e72-1547-4742-9ea1-79c4a568d8cf, 0.9013157894736843, 1
7ea8acb0-980e-46a2-be69-6dc80c47160f, 0.9013157894736843, 0
7f190cb4-ecec-4b31-bea8-f75b1a45b4db, 0.9013157894736843, 0
8028ac6d-ac8f-48b7-b9ad-33370c513d4e, 0.9013157894736843, 1
811ed2ab-dd97-428f-ae98-e28ed8aafb86, 0.9013157894736843, 1
82011534-0e3c-4e08-8358-b53eaf1b32e3, 0.9013157894736843, 0
8260c1e9-7498-451b-b953-6f3f21921d44, 0.9013157894736843, 1
8268f3f2-7daa-4f54-9327-1c9a75f944e6, 0.9013157894736843, 0
84f9f1e8-dea9-4577-baf7-98b210716cf4, 0.9013157894736843, 0
853455b8-0ee8-44ed-8e3f-a3f61fe1c6c4, 0.9013157894736843, 0
85aa0034-198b-4822-9f4e-7af2106378a1, 0.9013157894736843, 0
873c6225-4ad6-42b9-ba0f-ecdbf4bf7b6e, 0.9013157894736843, 0
8b756a33-74b2-4619-b10b-61da839e5b1c, 0.9013157894736843, 0
8c0c3ecc-eb4f-438f-963f-c3ba8a32d640, 0.9013157894736843, 1
8c2c64e7-ce96-4f53-9f5c-62b96d056815, 0.9013157894736843, 0
8c6a8039-b9c6-4135-8387-fc298dbe4d44, 0.9013157894736843, 0
8c7d4c4d-4212-4c9c-80d9-ddeab0c4da97, 0.9013157894736843, 0
8e2dfa21-7a3d-4095-8f2b-966f22505463, 0.9013157894736843, 0
8ea2455e-efea-4bb5-9f5d-84c39644d571, 0.9013157894736843, 1
8edd4feb-092e-4348-aec8-cadb4b001cfc, 0.9013157894736843, 0
8ef11d5f-b56a-461d-9a35-452dd4f68087, 0.9013157894736843, 0
8f554ee5-881e-4ee0-acc5-c3f7dd6d646f, 0.9013157894736843, 1
92bf70cf-8a21-4ff7-a4bc-6e9c2fecc9f3, 0.9013157894736843, 0
937023d7-52b8-40dc-b3e9-dd755180f5b2, 0.9013157894736843, 0
968320b2-c250-44c1-961c-eabf66c98bd9, 0.9013157894736843, 0
969e70e4-3d3c-4242-83eb-ebbc559c6158, 0.9013157894736843, 1
98bbb71d-29f1-4b4e-8f96-5c35d011c000, 0.9013157894736843, 0
993dc9eb-9c9c-4064-8ca8-6f4b03064ce4, 0.9013157894736843, 0
99967e17-ed74-456c-a323-70703560a37f, 0.9013157894736843, 0
99ad956e-4142-44de-9f30-0367906a6d58, 0.9013157894736843, 1
9a9de42e-9294-4d8a-bc7b-a38a3a36d9f5, 0.9013157894736843, 0
9ab949fc-2b5f-425a-b5c1-e73ab42c3001, 0.9013157894736843, 0
9cd1eea7-4435-4287-ab5d-7bde7c7e59c0, 0.9013157894736843, 0
9ff1ce2f-e20d-415e-b24c-e570790824a9, 0.9013157894736843, 0
a0a3c342-70d3-41f9-91c1-783f21ccadc1, 0.9013157894736843, 0
a13426f3-b6e2-47b6-a443-6c3e3faab178, 0.9013157894736843, 1
a3b7bfbc-f721-4409-bd1e-ae59e10e5388, 0.9013157894736843, 0
a63c32db-a46e-487b-93eb-3ac63a509922, 0.9013157894736843, 1
a6407560-5f5c-42d7-af18-3f4475201e9b, 0.9013157894736843, 1
a89694e9-fa6d-4734-bb80-b180558f0677, 0.9013157894736843, 1
a8af6d49-51e0-4479-a133-59f72f2d76f6, 0.9013157894736843, 1
a93915e6-e339-4a8e-9b9d-9fa7c0a16284, 0.9013157894736843, 0
ab476a36-c14d-44be-bb16-6b3cb80972d4, 0.9013157894736843, 0
ab92ed77-260e-4c2d-9c3c-8bc0a8b0439b, 0.9013157894736843, 1
ad1ec859-b521-4059-80db-103cee87ddf8, 0.9013157894736843, 0
ad2b584a-bda1-4f9c-b9a3-23693278a03d, 0.9013157894736843, 0
aea7851e-8b85-47f9-a6a9-7a6b0699ac89, 0.9013157894736843, 1
aee7cc29-efed-42c5-aa13-aca0526ce1db, 0.9013157894736843, 1
b01bc0ad-f655-4004-9c6b-d9a1f45fae5d, 0.9013157894736843, 1
b0603d1e-b5a9-4547-a628-572f52777dd4, 0.9013157894736843, 0
b070c9de-9b68-4698-afa0-5aa80a9b0769, 0.9013157894736843, 1
b2221993-b349-4fda-8c6c-3d94e28134a7, 0.9013157894736843, 0
b29c6470-d962-4a40-ac50-c0554b47cd5a, 0.9013157894736843, 0
b29e7144-9077-48e1-9b57-4be482293206, 0.9013157894736843, 0
b2a39d13-39ea-4c8f-8f19-b7abb8200430, 0.9013157894736843, 0
b3a9c274-e6d1-4a6e-88de-9fc41f77d548, 0.9013157894736843, 0
b3ede804-9a57-40b7-87e4-43f961a46fd1, 0.9013157894736843, 0
b6589281-093c-48ce-8629-e3c1ccbd4668, 0.9013157894736843, 0
b762ac5c-6900-40d6-bbe2-0a6dff04257c, 0.9013157894736843, 0
b838c1a2-14cd-4a88-a72b-461dd9f0183a, 0.9013157894736843, 0
b90236a8-a5c8-42e8-8850-30e0302534e1, 0.9013157894736843, 0
b9c7938e-d4a5-43f1-886d-95c4774d4bbc, 0.9013157894736843, 0
baa4e18f-9d1e-4471-888d-abf4acac9873, 0.9013157894736843, 0
bcf2f152-5d84-4312-8743-c5d1a53119de, 0.9013157894736843, 0
bd185752-5f8c-444f-9832-ab4b8ed99a90, 0.9013157894736843, 1
c0fd6099-35c7-4c99-b7ee-d18644234db1, 0.9013157894736843, 1
c26c0726-a605-4eeb-bbd0-4f32723a6165, 0.9013157894736843, 1
c2cc8d6f-9eda-4dd1-8187-9a851b0f8124, 0.9013157894736843, 1
c71e0a70-5431-488b-a1a4-cac37e0d907e, 0.9013157894736843, 0
c7d71b49-c609-40ed-8018-5543cef5da6b, 0.9013157894736843, 1
cbdb3587-8953-4b55-afd6-6ce950e4a554, 0.9013157894736843, 0
cc70b62e-a430-4f9b-99e0-5c343a9ae09d, 0.9013157894736843, 0
ce70f70f-e3e8-4377-98ec-2aeb67a0f4a0, 0.9013157894736843, 0
cebc5659-af03-4bce-b64d-1b0cd9abe99b, 0.9013157894736843, 0
d159e2de-85f3-4670-bba1-3352f8a4c6e2, 0.9013157894736843, 0
d2a9d839-71c7-4548-8529-f55852ee9672, 0.9013157894736843, 1
d424965f-41e2-4ae5-971a-438b9984fa37, 0.9013157894736843, 0
d6f0083f-466c-47d7-8051-987837dc3780, 0.9013157894736843, 0
d9c1fa3c-6688-4aa7-aa32-0711189cb0a3, 0.9013157894736843, 0
da580fc4-5768-4860-b217-d3f52add11c6, 0.9013157894736843, 0
db2c2962-9071-4a30-a13c-b829974ef5ba, 0.9013157894736843, 1
db34285b-d142-4793-a78b-bb8bdb4d6e3e, 0.9013157894736843, 1
df4364f5-1d4d-4e7e-8fd0-7a9d411aa76e, 0.9013157894736843, 0
df5fc04e-6a66-44e3-881e-68f4db46c71e, 0.9013157894736843, 0
df605a2c-04a4-4cad-8a26-ff7ff533f2cd, 0.9013157894736843, 1
e09371c6-f6c7-4f47-8d5e-bc087f6714f6, 0.9013157894736843, 0
e0ba020a-dec8-48c8-81c1-e82dad4b6e39, 0.9013157894736843, 1
e13ec0bc-2352-4fdf-b9c6-1ff765b6d8aa, 0.9013157894736843, 0
e264bbf9-b6a8-41ef-b733-b16040df5177, 0.9013157894736843, 1
e2c9bd7a-2ecc-42b0-841e-097b95ac01f3, 0.9013157894736843, 1
e30ac920-538a-4bbc-b74d-4d9ca3f32051, 0.9013157894736843, 0
e3c2e39d-247c-4bb1-b0ea-8a16621c4a8a, 0.9013157894736843, 0
e5847620-0aa9-4036-bcf6-d5f6c7d4ca16, 0.9013157894736843, 1
e64ce2dc-036b-4a73-adb6-4a3fa63958ba, 0.9013157894736843, 0
e7176d11-fef4-4ca3-8a71-51208dd2887f, 0.9013157894736843, 0
e7580b66-6811-4281-921c-fc98bb8ad0d1, 0.9013157894736843, 0
e88a67f3-e9c9-41ec-a66e-a7973eced3ec, 0.9013157894736843, 1
e89cfbfb-ec03-4436-9671-deb400bc4133, 0.9013157894736843, 0
e98381bf-5766-4b22-a3f3-a837fadf574d, 0.9013157894736843, 0
e9c6c889-c00e-4157-91c6-2d52b43865aa, 0.9013157894736843, 1
ea0e8871-d611-4b62-bccd-b1f3d7dc254b, 0.9013157894736843, 0
ea276c1b-8bc3-4f2f-a09b-c2683b10b687, 0.9013157894736843, 0
eadd2402-b889-4d68-a57a-53642d61f8bb, 0.9013157894736843, 1
edd967e8-8a01-4b11-bf26-b6425ed72578, 0.9013157894736843, 1
edf19331-04c0-4139-bfd4-a3509329336a, 0.9013157894736843, 1
ee9a8fda-8380-403b-b92b-ede7310f6e92, 0.9013157894736843, 0
eed2b035-ab21-478e-8b9c-f927ef71373a, 0.9013157894736843, 0
eee38f04-1de0-41a7-b217-d9f74a6b8a02, 0.9013157894736843, 1
ef307640-f3b9-4b48-80a5-9a0cf5f3f782, 0.9013157894736843, 0
efb876b8-914d-4b37-9f78-84034c7dc340, 0.9013157894736843, 0
efc4061c-1553-49d8-b9d9-9e5f21a08abd, 0.9013157894736843, 0
f247f0f8-b9fb-4444-8d87-ef6e97738ffd, 0.9013157894736843, 0
f4b595c6-40bb-4ffa-a1fd-4222d8adcbd8, 0.9013157894736843, 1
f513aa5f-de18-4ce5-a525-79b00e3ac713, 0.9013157894736843, 1
f67a037c-a9c1-4fb1-901a-2c9f7a1ddc2d, 0.9013157894736843, 0
f8577490-57b4-471a-b507-fe0cf78d57ed, 0.9013157894736843, 0
f8a29e0c-7f24-4c09-8375-89ac68d8546c, 0.9013157894736843, 0
f99cb50b-f03e-4f7e-a1d2-6ee2b68dde14, 0.9013157894736843, 1
fabec945-93e5-4ffb-81a5-c1de97e071f2, 0.9013157894736843, 1
fb766377-7540-4a4d-b70f-8dd147cf137b, 0.9013157894736843, 1
fc566e2e-4eaf-474b-a8bf-c0f71abc3bbc, 0.9013157894736843, 1
fd4b36ee-adba-43a5-9190-281ab8377974, 0.9013157894736843, 0
fea74cf3-2926-488f-bb4a-860e40c987da, 0.9013157894736843, 0
02070562-9bcd-493b-946d-cfce38e06b8f, 0.8947368421052632, 0
023df295-de68-40c2-8023-387eae801506, 0.8947368421052632, 0
045232b7-5073-4c9b-af94-5b2bd7e2e44d, 0.8947368421052632, 0
062c017d-d3b5-4b77-a2d5-e756d0afa422, 0.8947368421052632, 0
06e18268-7e88-4a3a-9753-7c11347fa842, 0.8947368421052632, 0
09964b3c-ba75-409e-9f57-7303937a742f, 0.8947368421052632, 0
0bced932-685f-4b1d-83e7-76a06376a141, 0.8947368421052632, 0
0d892ca2-63f8-4371-a61e-d46f464e3878, 0.8947368421052632, 0
0f3ae37e-1870-4a74-87bf-437f0b7ec03a, 0.8947368421052632, 1
122f3a11-819e-492d-806a-246f88ecfd65, 0.8947368421052632, 1
1338be42-833a-4b7c-8368-1f38b7097e93, 0.8947368421052632, 1
139d3f4c-03d7-4d94-b010-db06002d8702, 0.8947368421052632, 0
1486a15e-0c5a-4127-973d-660a886a5522, 0.8947368421052632, 1
1576b752-f9c6-49bb-ac28-7fe820a838c8, 0.8947368421052632, 0
183d27c4-bbfb-4f21-9c2b-0da7965ffe27, 0.8947368421052632, 0
1a07f6a6-58d3-49cf-b40d-ebbfdaf88c36, 0.8947368421052632, 0
1b6fc4a1-d0b9-4c2a-9031-7b0a6b13b83e, 0.8947368421052632, 1
1b7024a7-6ce4-4c4a-9c6c-afa12dfe28c7, 0.8947368421052632, 0
1e5c75da-7fff-4fe7-a22d-f4021584aca3, 0.8947368421052632, 0
222f1959-4d81-4599-8975-94a7fcef0b82, 0.8947368421052632, 0
29da67b9-04fe-42df-ae41-456fbb4a144f, 0.8947368421052632, 1
2d94f131-acdc-4983-a8f7-75ed7b9b1e5e, 0.8947368421052632, 0
367d0b52-864d-481f-a523-20895b490978, 0.8947368421052632, 1
3ab31e7b-f431-4e81-9bf2-17ca7e6850c5, 0.8947368421052632, 0
3c67b778-5e11-4bdd-af2b-ea56f379aaff, 0.8947368421052632, 0
429c7048-0442-4541-bfde-1e31a4947f53, 0.8947368421052632, 1
460adefa-cb17-440b-9182-8680974f45bb, 0.8947368421052632, 0
47362261-1e8d-46e3-a231-d99277080b19, 0.8947368421052632, 0
48037e04-8dcf-4068-878b-643923a64f4a, 0.8947368421052632, 1
49788ac3-12d7-4d38-a8a1-6fe1a5a694f3, 0.8947368421052632, 0
4a0bc2a6-e868-478a-8253-27d657a3fe08, 0.8947368421052632, 1
4b75677c-5038-4253-b015-7294e473f534, 0.8947368421052632, 0
4d0fe0a0-3996-41ea-a0bc-dd782c6a8716, 0.8947368421052632, 0
529510fb-4901-4016-a63b-103cd6df6f8b, 0.8947368421052632, 0
52dc29a8-98a8-4344-9041-94afb64a7c93, 0.8947368421052632, 1
53077dbe-8bcc-4753-810f-ff37702d28a9, 0.8947368421052632, 1
5b5f35e7-c0e2-4814-9536-8b856d71180c, 0.8947368421052632, 0
5c2dbe14-347c-440c-ac30-b1a32af26d14, 0.8947368421052632, 0
5f9013d0-7127-425c-a669-991db1fa33ee, 0.8947368421052632, 1
5fedb319-1cb9-43ce-b925-5868510527e3, 0.8947368421052632, 1
654422f9-b870-4b78-a545-eb094dbf2afc, 0.8947368421052632, 0
65e5162f-5b9a-4470-9dc5-03ddf6bec2fe, 0.8947368421052632, 1
66549208-bb03-4c5b-ad0b-af468e08aa2b, 0.8947368421052632, 0
74ed8bbc-8e26-45fd-9608-b67b5117112e, 0.8947368421052632, 0
7784fbbf-e751-4225-a7d3-52a0fc38c673, 0.8947368421052632, 0
7a9bb842-cf2a-419f-ad47-39043f2fd502, 0.8947368421052632, 0
7ab5351d-1314-457b-b576-b0e388b96525, 0.8947368421052632, 1
7f41760c-5972-4b59-81d8-64415dabe6c0, 0.8947368421052632, 0
81632b4e-f5c1-4750-8250-55a7f2e0877c, 0.8947368421052632, 0
83d8a779-a1e6-4f70-8282-90c601bd2c00, 0.8947368421052632, 0
8776b39a-485f-4e7c-b69d-13c168aa468d, 0.8947368421052632, 1
907ae737-8dee-471f-811b-1af2cab14501, 0.8947368421052632, 0
9227a85a-6476-41e3-9851-74e5d533532d, 0.8947368421052632, 0
92659c5e-285d-4b18-a66e-249463a70e84, 0.8947368421052632, 1
95b152b9-1c59-4c75-9ea5-81f9cf1f4785, 0.8947368421052632, 0
96498259-6a53-4093-aa9f-8ba53be8f971, 0.8947368421052632, 1
9e4dd520-10cf-4031-ac92-194d056ce2b1, 0.8947368421052632, 1
a0465f01-8879-4bc5-baf6-5994a2d30799, 0.8947368421052632, 0
a3dd3283-0ded-479d-9efb-115cc788ee2a, 0.8947368421052632, 0
a417e42c-2ff5-4a04-9bd9-6367fb160763, 0.8947368421052632, 0
a5cbcb6e-ee4f-4b5e-b287-245fb4fcbffb, 0.8947368421052632, 0
a620f345-17ce-4a8e-93ad-7f8cd97019b1, 0.8947368421052632, 0
a7b4283d-d877-4e59-9d14-df6000a35287, 0.8947368421052632, 0
a7cb4d30-90dd-4aea-9517-fe4205a9c110, 0.8947368421052632, 0
a7eff210-5ee2-426a-920e-2b0423e7530f, 0.8947368421052632, 1
ae894b64-7824-4327-8374-88afca01f7a2, 0.8947368421052632, 0
b0c2c98f-e9c5-45f9-88ff-ef358c22f1b3, 0.8947368421052632, 1
b1e96831-34ae-4d50-9d81-cd95b2ec1df4, 0.8947368421052632, 1
b3a29761-00a5-4ebc-84e6-ecd78404b0d7, 0.8947368421052632, 0
b4e2f048-f0e0-4f79-bb70-6b36bb5eb4c3, 0.8947368421052632, 1
b533a2a1-efb1-48e1-b976-abbeec9413f7, 0.8947368421052632, 1
b6fec023-94bb-481f-9662-8fa9fae38bde, 0.8947368421052632, 1
bc1f7686-140f-422a-93cc-fff54e809c06, 0.8947368421052632, 0
bdcd1795-3727-48bb-ab31-b31414a4ebc5, 0.8947368421052632, 1
bfe4f1d7-86ff-4d05-8d39-5a4f098c5c1e, 0.8947368421052632, 1
c40174ac-3eac-4dab-99ec-0cf381174f14, 0.8947368421052632, 0
c450f910-2a48-4443-a834-938c15e8e6da, 0.8947368421052632, 1
c8fd25bf-1b84-4020-80d7-7eb0548c0888, 0.8947368421052632, 0
c9df9f86-893a-4535-8efe-a45574712adc, 0.8947368421052632, 0
ca0bfc8f-0f04-42b2-8a8a-3f3155308096, 0.8947368421052632, 1
ca3b6088-19d0-45b4-a690-9eb8b168fd36, 0.8947368421052632, 0
cc0facd5-b1b6-463c-8866-179e1345f482, 0.8947368421052632, 0
cfb5c61c-46e8-42ae-b37b-f0ca9b9d4f4d, 0.8947368421052632, 1
cfc8cc7f-7136-4b63-9f7f-dd5375bc2029, 0.8947368421052632, 1
d02e55d4-7d0c-4c43-ab05-4e9fb7c8b530, 0.8947368421052632, 0
d0f096bb-448e-4482-aca4-0ef125481760, 0.8947368421052632, 1
d8f0049f-f9d5-4d84-8e60-de9a08fa30bd, 0.8947368421052632, 0
da29c128-7c02-46ec-85c1-ac9d3919c0fc, 0.8947368421052632, 1
df27348b-03fd-4b80-bab1-6ea8ff9f51d3, 0.8947368421052632, 0
e05c6485-07f7-444b-9035-0c1b757307af, 0.8947368421052632, 0
e5fc2f6f-6dbd-4f75-8f00-314e117f1cb2, 0.8947368421052632, 0
ebd57eb9-0efc-4944-a83e-d168ba497c13, 0.8947368421052632, 1
f1bb01f4-561d-42f6-b8b2-0df8a2041b9d, 0.8947368421052632, 0
f1d7ec16-a4c5-4e66-8f24-2c4220444f39, 0.8947368421052632, 0
f25ebe6b-3986-473c-a2b8-4ac4c4fe7354, 0.8947368421052632, 0
f5085a3f-9433-4d4e-b2f5-85329819de79, 0.8947368421052632, 1
fa9d0426-31d1-4bc2-be0a-7496e6d84ac3, 0.8947368421052632, 1
fd6a5e09-68ab-4fa1-ac0b-932323a2a271, 0.8947368421052632, 0
fd7bb02d-8116-4111-a45e-19ba4f2998b9, 0.8947368421052632, 0
fe9c65f9-f780-4779-bd14-b794f05d4a16, 0.8947368421052632, 1
02c64583-6b88-4d3f-a729-03fffb8cce4c, 0.8881578947368421, 1
0791b914-109c-4c48-b5d8-ca872505ffc1, 0.8881578947368421, 1
0bb3d55b-8fab-4bd4-9905-7af038cbe57b, 0.8881578947368421, 0
0c3c6e61-8e4a-4512-a4c1-38b2cd307aba, 0.8881578947368421, 0
0ca01411-2f8a-47fc-8048-1adea6456278, 0.8881578947368421, 1
16c59a8b-f5bf-473b-97fa-a1a2bb10df46, 0.8881578947368421, 0
191b4575-df01-4543-8761-7592ad1ed384, 0.8881578947368421, 1
20185212-b0aa-481a-a210-6a9976cf2384, 0.8881578947368421, 0
2220a0db-f39a-4ba4-a279-2d920dee0d66, 0.8881578947368421, 1
2ab287eb-e842-49dc-8ed2-2cbd25737596, 0.8881578947368421, 0
2ca3af21-1f78-4317-ad9c-465910285c55, 0.8881578947368421, 0
2e624cc3-5b52-4530-8a55-03db983fc649, 0.8881578947368421, 1
3086a8f9-7389-4dba-9ae4-4cc493201c06, 0.8881578947368421, 0
30fbb77b-c64b-445e-aafc-4a975d741e9d, 0.8881578947368421, 1
324c91f6-140c-4efc-99f9-3310c8462348, 0.8881578947368421, 0
3423ef6f-7afe-4637-9baf-77b84c974bcb, 0.8881578947368421, 0
3983729a-069c-4390-adae-ef3ecfce8921, 0.8881578947368421, 1
3d35bf44-6a51-49d5-bef2-74ec53bd368c, 0.8881578947368421, 0
46895a90-ffaa-419e-b05b-14ed54909208, 0.8881578947368421, 1
4bbfa413-954a-47cd-b2b2-e1fc53459456, 0.8881578947368421, 1
4d2cc93f-6c8f-4dd3-a9cd-d793a883eadd, 0.8881578947368421, 0
4e896062-31f4-462a-a0df-ab2e4748ae2f, 0.8881578947368421, 1
4e92b5e5-4105-46bb-88a6-9e1c6528ee3e, 0.8881578947368421, 0
5344f707-ac4d-461c-8b08-3128e61e16c1, 0.8881578947368421, 1
549a7331-81f6-4711-a259-d44ad0a3a55c, 0.8881578947368421, 0
563af350-0f57-45a0-8685-1d910ced4ac3, 0.8881578947368421, 1
5dd0a8ce-49db-4412-96e0-4aa4776aa88b, 0.8881578947368421, 1
63ab7015-baa0-4746-816c-85c343795237, 0.8881578947368421, 0
6bcdbe8a-8f3c-4182-8b15-f2f475c4dd72, 0.8881578947368421, 1
6f9e9ff1-9d34-4b49-98a9-345536af79f3, 0.8881578947368421, 0
752ae721-988b-4997-a5db-cd37ada1d6ea, 0.8881578947368421, 0
7987c9bf-e88a-4fd7-afb6-7f48b2d0609a, 0.8881578947368421, 1
7a102b14-02cf-43c4-bc8f-7b0c1853f6de, 0.8881578947368421, 0
8450bc88-ed83-475b-837e-0b18eb84dbd8, 0.8881578947368421, 0
8b53e410-0323-4621-bc05-b23ea5c2846c, 0.8881578947368421, 0
8e7e067d-9a89-4e51-9304-abff04d0a25c, 0.8881578947368421, 0
967436f6-3088-41c7-9675-2970a2adfae2, 0.8881578947368421, 1
9a60fe85-9b7e-4863-a2d2-ccada25e387f, 0.8881578947368421, 1
9e4a4366-e6cb-400a-b07a-eaa706cbca92, 0.8881578947368421, 0
a1fcb2ed-0eba-4219-8308-a36fd911c219, 0.8881578947368421, 0
a5bc50e6-4660-40cc-b99c-1f7b07135131, 0.8881578947368421, 1
a5f0c3aa-d88b-412e-ab09-8da9609da8b8, 0.8881578947368421, 1
ab8b22bb-2592-4048-b800-36546f2478bd, 0.8881578947368421, 1
ad07dbd3-10c2-4e3e-92a2-f47d25024598, 0.8881578947368421, 0
ad73524a-bcac-4fe2-886a-7b4de0a8dc7f, 0.8881578947368421, 1
bb5147d6-0b98-458d-9329-8e85ddde4be7, 0.8881578947368421, 0
bd0f6728-07ae-4726-aa25-516565e07dc9, 0.8881578947368421, 0
c0129a73-833c-48c5-ab60-b8c66dacc6b4, 0.8881578947368421, 0
c580f7e6-ab4d-489d-8286-14c0b63c0c8b, 0.8881578947368421, 1
d318c584-8c60-47c5-bb8d-823ec92d08cb, 0.8881578947368421, 1
d3d8ca32-f4b0-4589-9df6-fc2f9521b563, 0.8881578947368421, 0
dde8cf20-aa81-40f2-944a-998aa2dbf09a, 0.8881578947368421, 0
de8138c9-47bd-4b0d-9c06-9b53943f743d, 0.8881578947368421, 0
ffc75d5e-fb74-4094-9132-1f913295f489, 0.8881578947368421, 0
14ada065-aac4-4669-adec-c799fc7a4600, 0.8815789473684211, 1
165bbe0c-ba71-4e49-ab18-c23e9feafbfc, 0.8815789473684211, 1
18b3484d-3891-4bf3-b72b-2629615542e5, 0.8815789473684211, 0
2ad1c67a-4fe3-4a74-b6bd-f44cfea338c3, 0.8815789473684211, 0
2facee1e-df6d-4a74-84e1-95fafce30ee1, 0.8815789473684211, 0
4243d168-ddd5-4153-a9b7-82dc37257196, 0.8815789473684211, 1
4291c596-e11d-4865-95d1-07b13fd252d9, 0.8815789473684211, 0
44b181aa-38ad-4aba-b34f-c65d24d65abc, 0.8815789473684211, 1
4717bf4c-7ba9-4267-b87d-310b712292cb, 0.8815789473684211, 0
4ae19490-ac79-4e74-ab7d-2b062d5fc2bb, 0.8815789473684211, 0
5f826e01-a47d-4c73-886b-4bd9efb19c53, 0.8815789473684211, 0
60c8b318-dc00-44f2-8229-f5e1b60a9b58, 0.8815789473684211, 1
6d3b4006-b09c-4121-af82-a7722de2ca2f, 0.8815789473684211, 0
774b19e9-87f2-4273-b703-3ef802e9c042, 0.8815789473684211, 0
7781760a-d08e-4e16-8ad3-c2f8b9a59682, 0.8815789473684211, 0
8b111105-3633-4f75-bf1e-98e5301d783d, 0.8815789473684211, 0
901d78c8-756c-4cb2-adcf-985f5bba5ad7, 0.8815789473684211, 0
9a288ba0-1555-476e-98b7-48e6816769e1, 0.8815789473684211, 1
9a7c6674-e446-458a-9547-1b9a03c0f9b3, 0.8815789473684211, 0
9d0fcd7b-a923-4433-8d0f-8490b3d8b7b0, 0.8815789473684211, 0
a6d7b418-b728-49c0-8a37-fd6640bf59a1, 0.8815789473684211, 0
bc2e5b8f-514d-4285-b318-3e05f02dca93, 0.8815789473684211, 0
beb1ee51-fd8c-4306-871b-82b1ba6adaf1, 0.8815789473684211, 1
c33e9563-d398-46e0-bfc7-fb2be799b64e, 0.8815789473684211, 1
c5304620-5197-4a37-b613-5c8bb4cc3501, 0.8815789473684211, 0
d37165f4-5796-4363-9e00-34e774855abf, 0.8815789473684211, 0
d66ad764-b70c-42b5-8b73-e9677eb815af, 0.8815789473684211, 0
da84eb60-e052-4fa6-b8cd-8180e72df013, 0.8815789473684211, 0
dade5b47-5ce3-4080-babf-cfe108fa6c56, 0.8815789473684211, 1
ec0765d5-cae0-4656-a7f7-d94f986ae402, 0.8815789473684211, 0
efc63421-6c7b-4056-b28d-4dbcf74c0128, 0.8815789473684211, 0
f010d3e7-5244-4302-92e7-5a38aa93d0ab, 0.8815789473684211, 1
f0c7475b-f695-4f8b-afbe-55ca5f1d1654, 0.8815789473684211, 1
f3908e4a-e477-460b-aa13-3fc064ef5b77, 0.8815789473684211, 0
f3e32a9f-0439-4a1b-8ef6-41846c656506, 0.8815789473684211, 1
00377439-320e-4b48-a67b-f318832533f1, 0.8801169590643275, 0
013e774a-adfc-4b1c-9b51-d16e6a4ec876, 0.8801169590643275, 0
03c3c9df-f522-426b-afa2-188a5a01fdb3, 0.8801169590643275, 1
04a96d61-7dc6-463c-b984-4ca0c55ea2db, 0.8801169590643275, 1
08bb79e2-e056-45b5-ad90-4d8871ba8d36, 0.8801169590643275, 1
13707641-59e6-4e8e-8248-cf9211837045, 0.8801169590643275, 0
17dc9dfa-5a98-42b2-bda9-0f1b2b688a16, 0.8801169590643275, 1
1b0fec50-b678-4e1c-abaa-ba9cd707d8ef, 0.8801169590643275, 1
1e93c92d-970c-433b-a63c-7c117631ce1c, 0.8801169590643275, 1
262cbb78-6569-4eae-af56-f22a39dc0194, 0.8801169590643275, 1
266fc9aa-6ed8-45de-bf2b-e012e50987b1, 0.8801169590643275, 1
282b8c3c-d581-488f-b3f1-08d3d27726e3, 0.8801169590643275, 1
2b8632b2-3237-431e-a40d-8332519225d7, 0.8801169590643275, 1
2cb21344-3944-44a3-830a-c205d0abf104, 0.8801169590643275, 0
2dccc0ee-25d8-4df2-a928-7ebc9e9abbe9, 0.8801169590643275, 1
348eb5a6-ab06-467e-b872-0e1737e55214, 0.8801169590643275, 0
38a66467-00e4-43c2-acb9-bbf5a6a9d145, 0.8801169590643275, 0
39f007c8-3915-42f0-90cb-e3a4eb8a477c, 0.8801169590643275, 1
3d1cd394-7756-4078-a65b-472da6a3d089, 0.8801169590643275, 1
3f249f5c-bb6d-428c-9b66-5cb7aca12f40, 0.8801169590643275, 1
442a68cf-5d85-4363-a5bb-7d9bbde20489, 0.8801169590643275, 1
4a86a069-b76a-491c-ae9e-f4e753f2a8ba, 0.8801169590643275, 1
4fe4e7ac-2498-41e8-a549-c9933c870032, 0.8801169590643275, 1
511c31e4-79b5-4393-93f2-4cf3dd23b4de, 0.8801169590643275, 1
522a7bf7-6812-4c99-b41b-251096c2fdaf, 0.8801169590643275, 1
53b701d9-c27a-42c8-925b-91a4cdd48579, 0.8801169590643275, 1
5782ca2c-1714-4676-9688-6ddf1832d7b4, 0.8801169590643275, 1
578795a4-b0ac-4e85-b67e-b732eb5a5412, 0.8801169590643275, 1
57be7acb-3ce7-4c15-a43b-fa38f500da33, 0.8801169590643275, 1
5bb0116d-6ad9-4ac1-af65-391727435619, 0.8801169590643275, 1
5f496f83-7c49-43cf-8687-3dc3a9cd77d9, 0.8801169590643275, 1
6391575b-baad-4205-ad6f-6c653ab5c3bf, 0.8801169590643275, 0
688db6c8-ee35-4ccc-8e86-2647bde24aa9, 0.8801169590643275, 1
6a0b541e-beb4-42da-b856-631d37c66e2e, 0.8801169590643275, 1
6a323253-e084-49f0-879e-7652ab64f531, 0.8801169590643275, 1
6db84138-0065-479d-adbf-a904c5b0dec0, 0.8801169590643275, 1
715f0d43-bdd5-43c6-a277-1105f5d79fb1, 0.8801169590643275, 0
7190f2e4-1904-4cd6-8a07-5bfca6ae1d3f, 0.8801169590643275, 1
72f1592b-9e47-4402-b13a-2684b14c8c7d, 0.8801169590643275, 1
75189813-4653-4a7b-8238-f33f1d090963, 0.8801169590643275, 1
799e52f5-6f04-4ec6-b20d-7490a3f01112, 0.8801169590643275, 0
7af1b18c-0461-44ba-b560-58b35f9d4ec5, 0.8801169590643275, 1
7bd584d3-1cd0-4ed2-95ef-aea1d30bcc32, 0.8801169590643275, 1
7bf5bd85-7107-4f70-b71e-5a9da477210b, 0.8801169590643275, 1
7fda0b11-2bdb-4c42-9848-c2f2a6f42269, 0.8801169590643275, 1
822976bc-0aab-466c-8b52-fbad4c9f220a, 0.8801169590643275, 1
8ed56fa1-f140-47f4-bef5-3836d405030a, 0.8801169590643275, 1
91328eb9-9505-44da-8237-e9c9c171b3f7, 0.8801169590643275, 0
91f4213c-675c-40bf-ba9a-8847bff10ec5, 0.8801169590643275, 1
940458e7-34e8-4235-a967-a86d8510cec2, 0.8801169590643275, 0
95e2197b-a4ce-4e64-b01d-600aab062f0c, 0.8801169590643275, 1
9eea8023-2cd5-40d3-b30b-dc07d58250b5, 0.8801169590643275, 1
a17ea2a5-cc5f-49e0-b92b-b3c869530cef, 0.8801169590643275, 1
a1be46be-1fbe-48a2-8f7a-ec00ea6ec025, 0.8801169590643275, 1
a4ba54e1-8b59-4b7a-9fbd-5ece8da0f7c2, 0.8801169590643275, 1
a5c52edb-4b8b-4cbc-8fd4-48fe8c576796, 0.8801169590643275, 1
a8debd68-1d94-4704-ae00-bd3b5c311562, 0.8801169590643275, 1
a91342b5-7ae0-4882-951b-4bc19ba2b910, 0.8801169590643275, 1
a9a0ebf9-782f-43fc-92a5-2b1eaf0f574e, 0.8801169590643275, 0
aaa8236f-c195-4378-bd12-dbdbd74011e3, 0.8801169590643275, 0
ab74aa23-0120-4b9b-b837-7687425ea6b2, 0.8801169590643275, 1
abb56c9b-b842-43c6-9497-2abdb6fb7607, 0.8801169590643275, 1
abc19208-ffa2-465f-b268-61e17038d0d4, 0.8801169590643275, 1
ae647095-7790-48fc-812a-5b1a886e8d28, 0.8801169590643275, 1
b2624fed-39e1-4213-b67f-8c69dec93e4c, 0.8801169590643275, 1
b360b15f-f8a4-46a3-b408-c11c4b117a46, 0.8801169590643275, 1
b60e2384-d596-4862-9512-45a9dab575e8, 0.8801169590643275, 1
b696fc3b-59fe-45f5-be4c-1637078be43d, 0.8801169590643275, 1
bb4ab8ce-4534-4494-929c-3c392195987c, 0.8801169590643275, 1
c0b10b44-c940-4749-b71d-3d5c87d01ba6, 0.8801169590643275, 1
c4f82fa8-483b-423d-b368-7c3ca50a22f5, 0.8801169590643275, 1
cb628cc0-4096-472e-997f-7632fbf60281, 0.8801169590643275, 0
d500bc2f-79f6-4e27-adf6-4b00b085a9bc, 0.8801169590643275, 0
d5fa9270-ead3-4cc0-9885-e502c63d2ae1, 0.8801169590643275, 0
d8194a01-5103-491a-a90f-b9043624e544, 0.8801169590643275, 1
d86a469b-44d0-45c6-81ce-1d74a1e5d54a, 0.8801169590643275, 1
d9957dc3-ec92-41f0-8b09-af5d0b3a2307, 0.8801169590643275, 1
db704c55-2b35-4b9d-b566-2a42757387e5, 0.8801169590643275, 1
dc0cbf88-6be4-4a46-befb-788f5d4efb66, 0.8801169590643275, 1
dc353acc-8433-4a78-adb3-fd0100125905, 0.8801169590643275, 1
e047af91-a52a-4272-8a66-25b0d02b25fa, 0.8801169590643275, 1
e91db20a-1e63-4aca-86a3-ea613dd0ece0, 0.8801169590643275, 1
ec9cab20-a2d3-4174-9e90-e45ba04e2ef2, 0.8801169590643275, 1
ef34ea72-2afc-413e-a1d8-c99fca786ec0, 0.8801169590643275, 0
efe62ae9-ff8c-4dcb-8ea5-a89e304c7ae3, 0.8801169590643275, 1
f2457ea4-90f9-4274-a58f-e141861bf658, 0.8801169590643275, 1
f4f9a221-5fcb-46c8-8b7a-b74e8cb72411, 0.8801169590643275, 1
055e5295-50f2-4e1b-959e-17b75ab822c2, 0.875, 1
0f20b6c6-e501-4136-9b38-d19edcf24140, 0.875, 0
16e2a92c-669d-4ecf-96cd-058f985cb231, 0.875, 0
1cc3b744-3996-4b38-9f17-d4509587f69f, 0.875, 1
1f7c5ff1-f3a3-4bf4-a3bc-5fd61a6e23a0, 0.875, 0
2c9ef8c2-2661-489f-ab55-9b2b9eee7af1, 0.875, 1
70790b60-b026-4f73-8b39-515c958c6337, 0.875, 0
ade21115-dca1-4fd4-bfb7-edcae86f688b, 0.875, 1
b0fc7805-b196-46f7-bbf8-0384d61a0617, 0.875, 0
b37a6dd8-cafb-475e-931a-678eec715dd7, 0.875, 1
d2bfab9a-a43f-4667-bc55-f8ffaa73145b, 0.875, 0
06f4da44-4f1e-40fa-bdef-c045a71881df, 0.8735380116959065, 0
0ed50f27-1cfe-4f38-aa21-3bb7b58293e0, 0.8735380116959065, 1
10085083-76fc-4b95-a2c9-9495134f95d0, 0.8735380116959065, 1
11640f73-c222-4cc2-94b7-59715d89a13c, 0.8735380116959065, 1
13362c31-293a-45f2-8df9-a8c594a75074, 0.8735380116959065, 0
1414cb69-cf5f-4611-872b-a6d1203c1fe8, 0.8735380116959065, 1
17358f34-db47-4428-8e81-70e404209260, 0.8735380116959065, 0
184c6c68-5dee-4e97-9816-9c38329f2444, 0.8735380116959065, 0
19e0be6c-2312-4dfa-a29b-04d23a4406ba, 0.8735380116959065, 1
20668546-45a4-45e8-b8ae-f81ee1db57d4, 0.8735380116959065, 0
20bdcce0-0f31-44fc-bf20-aeaf9d03acc2, 0.8735380116959065, 0
25e09f95-ff62-4e69-b4f1-f7e962d7ba8d, 0.8735380116959065, 1
2e973de4-315a-4658-8c4c-399791c09e1c, 0.8735380116959065, 1
303235b7-9efc-49be-9333-e14f56cd674b, 0.8735380116959065, 1
30a42e8b-2756-4342-9692-989d12891200, 0.8735380116959065, 1
31706172-70ea-40bd-a511-1faeeafa569e, 0.8735380116959065, 1
31f88160-1c11-4da9-b768-a5128edf29e4, 0.8735380116959065, 0
3912db78-7cb4-400a-8f80-82e4b250a277, 0.8735380116959065, 1
3c60ca5a-4674-4188-8b86-e1e0f6523e07, 0.8735380116959065, 1
41720253-762c-40d2-8d65-7f806f30939d, 0.8735380116959065, 1
44eedf4f-b9e1-49a8-a903-dd3226e6a463, 0.8735380116959065, 0
4d0c0726-2399-4fc7-a41c-62abef904e99, 0.8735380116959065, 0
5da0f206-a1a1-4d11-87ad-fffd8b38588d, 0.8735380116959065, 0
64527f02-d47f-4d7c-a9da-3188fdbdfbf8, 0.8735380116959065, 1
676d169c-9757-4cb8-9bcc-86a290bdee9f, 0.8735380116959065, 1
6df6245b-b0ac-4bce-9881-fb3b851c0095, 0.8735380116959065, 1
6e4cfbaf-9e0a-476d-81d9-01776ebf6bec, 0.8735380116959065, 0
6faff617-cbb5-429f-b991-59046ffaae95, 0.8735380116959065, 1
706faa59-537c-434b-be8f-e8bf31934aa3, 0.8735380116959065, 1
751b505a-d2ef-4789-ba51-1d7ede3c5e4c, 0.8735380116959065, 1
795f4810-a274-4dea-beda-4a52d07fc03b, 0.8735380116959065, 0
82142d50-bc8b-4bf9-91b9-1f0d652bd2e5, 0.8735380116959065, 0
878f8554-9a5f-462a-8cd7-46197d3934f3, 0.8735380116959065, 1
8e65959e-2793-4e96-8028-15b6d8561289, 0.8735380116959065, 0
9125ad81-1441-41a0-9ff1-168cca61944e, 0.8735380116959065, 0
96295268-c2d1-478b-b8fa-92e500de1aa9, 0.8735380116959065, 1
9993c0a5-b8f3-40c5-81c1-7f8277528f52, 0.8735380116959065, 0
9c38cb8d-dd2e-4a4e-ac00-6e66c3dfb2fc, 0.8735380116959065, 1
9ca73252-83c6-4330-9f70-e81b7f77510d, 0.8735380116959065, 1
a5917522-c56c-414a-8687-79151db16c8d, 0.8735380116959065, 1
a62d9321-b06d-4174-bffd-907840acd9dd, 0.8735380116959065, 1
a6ee6f6f-3dd8-4f2a-aee8-4539852edf2f, 0.8735380116959065, 1
acc2221d-df62-497b-8ec7-46c6fffda2fe, 0.8735380116959065, 1
b2b3867d-4ef5-4c72-9f77-0a5b318797b7, 0.8735380116959065, 1
bb6a02b4-7c4f-4741-9257-8ad69d78e0e0, 0.8735380116959065, 0
d498e886-60cc-4dae-a507-57e2e7eb0939, 0.8735380116959065, 1
d4cd414e-b801-4afc-8c7e-cb7f4efc8ac6, 0.8735380116959065, 1
dcb1c57a-32e8-4923-ae83-3de1d9047152, 0.8735380116959065, 1
dd16266e-e737-470e-b30b-3a0fdbb83cad, 0.8735380116959065, 1
dea92803-dc85-4fee-9ce3-d697648602d2, 0.8735380116959065, 0
df135c54-e89b-41f2-8241-a82e7fbc6113, 0.8735380116959065, 1
e1a6ed84-2bd6-41d7-9fae-f1381af25b7b, 0.8735380116959065, 0
e1eb86cd-a4e0-4d9e-b84c-04dc043b1427, 0.8735380116959065, 0
e21241c3-bae7-46c6-8dfb-576c0ab5f42b, 0.8735380116959065, 0
e28a0d79-44b4-497b-bb2c-0fc678e4b00d, 0.8735380116959065, 1
e36eae17-3aea-4b4d-b271-5139a37c4b78, 0.8735380116959065, 1
e96a1e57-9d17-411e-bbdf-6644994f3d3d, 0.8735380116959065, 1
f30050c9-a0cf-4c40-8c4c-8b846f8a7df4, 0.8735380116959065, 1
f76f2753-6928-4c88-86f1-40f3dd7951d5, 0.8735380116959065, 1
fbcfb94b-4fb2-4b68-ae11-23866c011eb0, 0.8735380116959065, 1
03ea49c8-c950-4514-acfa-c4a756450bf2, 0.868421052631579, 0
1dc7c5f1-8c75-4fad-8a2e-496e57059930, 0.868421052631579, 0
5ba2c229-0ad0-4693-bebd-713cd3df44eb, 0.868421052631579, 0
6d675184-6eb6-4512-abf6-e11e823eefd0, 0.868421052631579, 1
736dab6f-edeb-4e81-9847-37f32549f7b8, 0.868421052631579, 0
9811c4bc-153a-4127-9614-d090f145ae00, 0.868421052631579, 0
c1384b67-b44c-4dfb-9d7b-55039b0dd19a, 0.868421052631579, 0
c48410d6-8d88-4f27-b878-61a60b3318f3, 0.868421052631579, 0
ece376c2-1b03-4d6c-b146-271003310120, 0.868421052631579, 0
0142d9c9-e552-44db-b9c7-8c5a37e5ab44, 0.8669590643274854, 0
09c6a215-be14-424f-9ed1-99ce5f03c1ae, 0.8669590643274854, 1
1dda43de-d9e2-40eb-a74a-b0a7fa57f77e, 0.8669590643274854, 0
23b6d9f5-ac6c-4016-ba0b-930e5487c40c, 0.8669590643274854, 0
29149127-e8a6-40a5-a9c8-c4a73bb1b85b, 0.8669590643274854, 1
2937f690-dc81-452d-8d9d-08b345837000, 0.8669590643274854, 1
32bf6066-1943-48f4-bbcd-a125a3c763e4, 0.8669590643274854, 1
3547e5cb-24c1-4191-a845-e45e9815faa2, 0.8669590643274854, 1
3683b9e8-5e12-4645-a34d-946606c81c65, 0.8669590643274854, 0
414c9f29-5e27-4c3d-9c95-00422e1588ec, 0.8669590643274854, 1
4d6a7635-4945-476f-bdf6-4c968ea3fdb5, 0.8669590643274854, 0
5c90435a-9495-4e8f-937a-20715749e905, 0.8669590643274854, 1
62047e19-9144-450a-9a28-98d7c637bc79, 0.8669590643274854, 0
678e0056-c3f3-4b31-a9c5-46b5e71af3ca, 0.8669590643274854, 0
68749b91-6166-4611-9460-ef0db9379e53, 0.8669590643274854, 1
6a10230a-0f06-479d-a7b7-8b2a158dc5c7, 0.8669590643274854, 1
6d26cdba-388b-43d6-b4bc-1c98fa596cea, 0.8669590643274854, 0
6e7aacf5-ee8f-4bff-b426-aa082333b59c, 0.8669590643274854, 0
725da7af-ef43-42c1-9bab-c01851a873bd, 0.8669590643274854, 0
72e34134-24ba-4f2a-823d-b649c4214627, 0.8669590643274854, 1
75a11789-12ff-4c48-9eb9-ae3c204cbe39, 0.8669590643274854, 1
7a62d8af-267e-4334-b003-cda7dc8086ce, 0.8669590643274854, 1
832bf54f-b2b4-43ca-8cb9-137b30577144, 0.8669590643274854, 1
8c3f48c7-ac3a-430d-904f-266d02578ce3, 0.8669590643274854, 1
9369d217-b55c-4eb5-9e9a-70be6acb6952, 0.8669590643274854, 1
a9105331-a539-4234-af5f-c14b58ec0f33, 0.8669590643274854, 1
a9a532f6-c8ff-49a2-a9f5-9928d8536032, 0.8669590643274854, 0
b357fd1e-68b0-4ec4-ae1e-e7e3e1ffd78e, 0.8669590643274854, 1
b59c7de6-b6e8-4601-bb69-8b6cffb8af4a, 0.8669590643274854, 0
b89f3072-4312-4bcc-a7b6-6081bb82bf10, 0.8669590643274854, 1
bc7ee38c-8364-472b-a77b-26429e939319, 0.8669590643274854, 0
c6e6faa1-266c-43bc-a1f0-a77ebb238bc0, 0.8669590643274854, 1
cb66641e-cf36-4e75-9901-02fbda97387e, 0.8669590643274854, 1
cbf8d763-6777-4c90-be68-c545e3a08ca8, 0.8669590643274854, 1
d518f7d3-f7d4-4281-abfa-b4165eb51da0, 0.8669590643274854, 1
d6783c05-9ab7-46ec-894c-ff64535cb362, 0.8669590643274854, 1
d98bf29b-4e64-42fb-95fc-838166ac8636, 0.8669590643274854, 1
dfe32201-16a6-4825-9d28-27c49e0ec0f7, 0.8669590643274854, 1
e4ee66a4-5b31-4f75-bef0-687799bb47c4, 0.8669590643274854, 1
f80f2b45-4fdc-4558-8d9a-b6ffb8da8b12, 0.8669590643274854, 0
f83c01e8-3620-4fe1-b5d9-d45e52630b58, 0.8669590643274854, 0
f842c54e-4c85-415f-8400-29a040c8f234, 0.8669590643274854, 1
1af7038d-c6dd-4b71-a67c-6e12e986c3ff, 0.861842105263158, 0
43e867f4-c3f0-4957-bd6d-c47cd4ae9252, 0.861842105263158, 0
468e2ac0-e47e-41fa-94a6-1ea7703eaf40, 0.861842105263158, 1
8fe9e290-0120-426a-935a-c6e7a1c1fd9b, 0.861842105263158, 0
bb37d7b4-820f-49d0-8ff8-555276ce6e75, 0.861842105263158, 0
dfa65c8d-f483-4391-af95-471b2a6cc533, 0.861842105263158, 1
f1bf5c68-88b7-4f50-bbf7-87bd5a422cc8, 0.861842105263158, 0
f3bfb76c-cfd6-49e0-97a5-16fc713c44cc, 0.861842105263158, 0
fac4d021-a989-4ef9-bb9d-bbdb77c39ac5, 0.861842105263158, 0
07f60061-1d46-451c-a23d-d14012985d55, 0.8603801169590644, 0
0e1fcaeb-39d1-4546-981c-de1b4af3a8e3, 0.8603801169590644, 0
145cc902-1e2a-4f95-9083-2280ace1c5cb, 0.8603801169590644, 1
1aa447df-7164-41fa-a4e2-81cee71cdd59, 0.8603801169590644, 1
23d15b2c-daa0-4998-a063-5fb849053a49, 0.8603801169590644, 0
2796a4b1-d84d-4b97-8396-3ad4c325ce08, 0.8603801169590644, 1
29314267-eeef-4db2-b27b-a598f586f820, 0.8603801169590644, 0
2aed6898-ff9a-499d-a8e7-feacb09ea5da, 0.8603801169590644, 1
400aa37d-6cee-4cd1-b6db-ded67e23ca11, 0.8603801169590644, 1
421631cd-0bdd-4eb2-aa0a-01deafca9066, 0.8603801169590644, 0
44904657-d67b-4b10-910e-829c24ad4136, 0.8603801169590644, 1
513b276f-4c8f-4386-a77f-1d0e1474648f, 0.8603801169590644, 1
572966b9-0c73-45eb-94b0-192dcef0904d, 0.8603801169590644, 0
5fbfe7d3-9cf8-47ec-aab8-79befe8b82fa, 0.8603801169590644, 0
6960d87b-1f45-40e4-9213-d2291986f342, 0.8603801169590644, 0
6e04d681-b65b-4f09-8021-2a994e069753, 0.8603801169590644, 1
76459703-4b77-45f3-8cba-828e056cc8e2, 0.8603801169590644, 0
78720526-1ae4-4fc0-8816-56a5b358a4db, 0.8603801169590644, 0
79e5f771-bb5c-4c64-8155-16afd823621e, 0.8603801169590644, 0
80c7455c-d657-4b54-8b2d-0598668217db, 0.8603801169590644, 0
8357613c-ab1c-40ae-85fe-2a99f9f44f30, 0.8603801169590644, 1
8f4d0662-76ae-4e42-b51a-3121058a4374, 0.8603801169590644, 0
9c0d23e2-240f-4c84-84dc-b9d380bdfaa5, 0.8603801169590644, 0
a207bbb8-0d23-48c9-9789-126e05ef49e7, 0.8603801169590644, 1
a4243b25-3fd8-459e-9d4e-759f3a14f411, 0.8603801169590644, 1
b86fbeb5-0f9b-435a-b390-65afcf1fef46, 0.8603801169590644, 1
c19ff526-7141-4511-b85f-303c2789cd5c, 0.8603801169590644, 0
cadb6ea7-0d35-4d3a-a2df-286471abf8e2, 0.8603801169590644, 0
e153636a-c0ec-4e23-afb3-dec6ac9b2c2a, 0.8603801169590644, 0
f1446c5c-9c61-4f47-b85b-102fa254659a, 0.8603801169590644, 0
f312fef6-bb12-4be3-9250-0d6b1382788d, 0.8603801169590644, 1
f3d1eca0-8ee9-406a-b27b-95b92a913c0b, 0.8603801169590644, 1
10aff932-d138-4ddd-bef1-3dadca2f7598, 0.855263157894737, 0
2406ea8a-d167-4e90-b39d-e78e583562b9, 0.855263157894737, 0
69847dae-18a3-4be9-862e-ac4924db32fa, 0.855263157894737, 0
b8e0b86d-5352-4b84-a548-d30036b43508, 0.855263157894737, 1
c3781921-27c4-4e52-8c15-fc2b6e166d52, 0.855263157894737, 0
c6019019-a351-49db-9abc-662c2d8517f9, 0.855263157894737, 0
0cf25ed7-e290-4923-948f-5550850a6795, 0.8538011695906433, 1
18760ced-7fc3-45a0-a9a0-1c56329f3576, 0.8538011695906433, 0
346af495-dcb9-418e-baa9-ec915d44adb7, 0.8538011695906433, 0
3cba6523-5a33-498d-8369-f2d94848012f, 0.8538011695906433, 1
5c9d42f4-ede5-44c0-aabf-ad2e53015a7b, 0.8538011695906433, 0
6f3176c1-6bca-4b52-a464-888214f9dfd9, 0.8538011695906433, 0
77e35585-1791-40ad-8b2f-2da0f53c93c3, 0.8538011695906433, 1
7ef45f8e-3f54-4e51-855a-f21b8154c3bf, 0.8538011695906433, 0
820522ea-8381-4bd4-972d-3f8f7fcb24d2, 0.8538011695906433, 1
905a2a93-0652-4221-90fb-05ecb00e8a78, 0.8538011695906433, 1
b55edc7a-a40b-4a0c-8572-df089d1cc455, 0.8538011695906433, 0
d1c34254-3f66-4459-b723-b539baf1d5ff, 0.8538011695906433, 0
da67aec9-50b2-4680-816a-a2478d33ac17, 0.8538011695906433, 0
daeea5b1-7694-4a24-ae88-d4980da4d0e0, 0.8538011695906433, 0
e3a79194-db71-4f6c-bd12-39b21be18474, 0.8538011695906433, 1
02fa71e3-d94a-4a36-b92d-6623f1d0ccfb, 0.8523391812865497, 1
0a1075f2-9eba-490c-9895-4c5fdd1afb1f, 0.8523391812865497, 1
129f1ada-4d8d-47f0-8131-8f31a3cc2c42, 0.8523391812865497, 1
14e086ce-888d-4996-a0cc-9a0c7a4b5320, 0.8523391812865497, 1
1787b506-b992-4aee-bc06-ff4df0c9521c, 0.8523391812865497, 1
1a774bc2-4d6f-419c-b4d9-39aeb84d535c, 0.8523391812865497, 1
1ca9d8c4-8115-4bd3-9495-cf33336af71a, 0.8523391812865497, 0
1cb2dc70-d034-46f6-b00f-e6f5f7412cdf, 0.8523391812865497, 1
1e24cf28-4105-4cd7-b156-f6cb1267e154, 0.8523391812865497, 0
1ea176e0-afc0-48d6-95a4-ea1ea65aa955, 0.8523391812865497, 1
25694673-a1ef-4ed6-9114-26a204296b5a, 0.8523391812865497, 1
2966434c-93bf-4b80-a1b5-72a58ca89af2, 0.8523391812865497, 1
2b045987-2c94-48a3-af26-62d0c3b19f5a, 0.8523391812865497, 1
2bfa6275-fd77-4811-a8b2-b9fd82904356, 0.8523391812865497, 1
2e5b5a16-a7a5-484a-a917-af1a2d2d7a2c, 0.8523391812865497, 1
2eb60a57-5e04-441b-a692-859cf8683ff9, 0.8523391812865497, 1
311001a6-5f7c-4f73-98af-42bb8887e0c3, 0.8523391812865497, 1
325dbf01-529f-4562-b2d6-8814a76c0684, 0.8523391812865497, 1
3633add6-e9ec-4061-8fcc-298b6d8cc84b, 0.8523391812865497, 1
37bc1e43-bb9a-4082-a86e-0f90f7ffcf32, 0.8523391812865497, 0
38258c74-9196-4cd6-b4d8-1c52cd792a64, 0.8523391812865497, 1
38c5a5bd-75f1-4472-9cb4-6650c5edad63, 0.8523391812865497, 1
3b7f67af-875b-4589-add1-73f36fa756e2, 0.8523391812865497, 0
3baabc9a-0f8f-4fd4-9e88-01750eee0213, 0.8523391812865497, 1
40d5c960-fc29-42cd-9026-80a184e649af, 0.8523391812865497, 1
416756d8-893d-4410-a01c-e3a6a8f4e1bd, 0.8523391812865497, 1
4175d2d9-43d2-4783-ba99-2a64c71c361e, 0.8523391812865497, 1
47f2bec8-cba8-48d1-8da2-747c941c2fbe, 0.8523391812865497, 0
4851b8ed-9b12-46a3-88d3-f97ed53422f3, 0.8523391812865497, 1
4aaf6d3e-50d3-40ca-ac10-2cc59904218b, 0.8523391812865497, 1
4ceed48e-ead1-4771-b098-54d0ba3c32a9, 0.8523391812865497, 1
51e41e46-aa05-4dbd-a078-6871a9367ecf, 0.8523391812865497, 1
5550b238-c461-4d82-bae3-750f91d1ed45, 0.8523391812865497, 0
56309fb0-70da-4ec4-9f49-be8b96baa2d5, 0.8523391812865497, 1
565c0d96-49e6-45bc-aa94-ae39d335b8d5, 0.8523391812865497, 1
5c39a00a-1dd5-4fd7-a188-f3691318c211, 0.8523391812865497, 1
5c8874b9-9cff-4ff4-a1ed-bff80d3b723f, 0.8523391812865497, 1
5d96348b-797c-4f25-a05b-89f02c73ed8b, 0.8523391812865497, 0
6568014b-9ce2-442f-9abc-8cefaaf31e39, 0.8523391812865497, 1
660a9b07-5bc5-4faf-8205-f59fa21e9371, 0.8523391812865497, 1
68a7faa8-4739-4c5d-8a30-b3775a45dd76, 0.8523391812865497, 1
6e185adc-8b01-40ad-911a-789890283a4e, 0.8523391812865497, 1
7278e03a-2df7-434a-96cd-2c44314f14a4, 0.8523391812865497, 1
73caa367-68b2-48be-8613-dcbbbaa0d50d, 0.8523391812865497, 1
75223185-26ac-40f6-b03a-d3b4019c7fea, 0.8523391812865497, 1
76c23215-7044-4bf3-9875-77bf0a0cd754, 0.8523391812865497, 1
76e33e26-33a8-4c68-92fc-b2557149f7a7, 0.8523391812865497, 1
77707c5c-087b-495b-abf2-337613877082, 0.8523391812865497, 1
78700dc7-a92f-4e61-8371-399379b164a0, 0.8523391812865497, 1
8642a977-e735-481b-a2b6-40bd6c0f647f, 0.8523391812865497, 1
8bf6611a-b099-40be-9890-9fb5d6b36159, 0.8523391812865497, 1
8cfd04eb-bf1b-4fe9-822a-2cae1a36c281, 0.8523391812865497, 0
8d827ade-eafb-47d6-af6a-f9c4d85fac4e, 0.8523391812865497, 1
90489664-8308-43ef-81e4-20d152c9267d, 0.8523391812865497, 1
909cd2cf-dcba-459a-9313-02a7508440b2, 0.8523391812865497, 1
9136939c-aba2-4b8d-a425-6ba785bf7a69, 0.8523391812865497, 1
927f9d9c-2a2b-4fa6-8b8d-123b7ef5917c, 0.8523391812865497, 1
93a5c525-034f-43a2-8ef7-d57badf31a15, 0.8523391812865497, 1
943bf266-29e7-454d-9d69-cbc4ddaa32c6, 0.8523391812865497, 0
9465fa23-bf77-4b90-a580-5abf4c152189, 0.8523391812865497, 1
963d431f-a5c3-4fa8-85ae-c9bd52225dd3, 0.8523391812865497, 1
96c8b7d4-1401-42f2-9354-b24c4c510ea1, 0.8523391812865497, 1
97316014-162f-402b-8a2d-2014e022aaca, 0.8523391812865497, 1
9937e923-a01f-432d-a1f3-55dd5bb62809, 0.8523391812865497, 1
9a86b2cb-72bf-407a-8b12-f49f61023322, 0.8523391812865497, 1
9d57c1b4-8d12-49af-b973-dc51feecc9a8, 0.8523391812865497, 1
a025c4fa-0e6d-4dd4-a38c-ec6665e31dc2, 0.8523391812865497, 1
a22289af-80f3-44a5-af4b-fdff8209faf5, 0.8523391812865497, 1
ac583bbb-106a-4fcb-a26a-880266202fad, 0.8523391812865497, 0
ad68a8e3-bb12-4755-940e-d90d45f0c838, 0.8523391812865497, 1
b14211ac-51ae-4441-bee9-3ef3b122eb65, 0.8523391812865497, 1
b5dbe224-a44e-4c60-992a-3c8a3a41e8aa, 0.8523391812865497, 0
b89ca771-1c26-4e79-a0dc-1dcb16814253, 0.8523391812865497, 1
bbe6097c-feae-49d9-a0fa-76b729752874, 0.8523391812865497, 1
bc3cf384-1874-40fd-8174-ec09fe0c937e, 0.8523391812865497, 1
bfeae18a-a973-47ed-a681-2a0b29472ac0, 0.8523391812865497, 1
c16252ef-4d2d-4a6e-aa11-ca948d579f9d, 0.8523391812865497, 1
c2c982c7-333c-4825-8cca-5f3e362abcc2, 0.8523391812865497, 1
c51c4c6a-4987-472f-8c68-055e8ec2be10, 0.8523391812865497, 1
c861c130-87cf-4658-9c96-e27f65944659, 0.8523391812865497, 1
cca49826-6bf7-468b-bdd9-1dabd3d77a87, 0.8523391812865497, 1
cda46f42-e256-45c9-9105-4d7a72f9f016, 0.8523391812865497, 1
cec277ef-ceee-414b-b7d5-1a1554834796, 0.8523391812865497, 1
cef7896b-1cc5-4bc7-83b0-e3f40d357442, 0.8523391812865497, 1
d8ea73d8-ce1e-44a4-8f44-91ed6350b751, 0.8523391812865497, 0
e0414f12-c357-4e4e-aa81-ff2c1af2ac4d, 0.8523391812865497, 1
eb53e430-a1f0-46fe-963b-6ad1097f13a6, 0.8523391812865497, 1
ed99753e-17a3-4ce1-9fb3-59d25263772e, 0.8523391812865497, 1
f2578a6f-e998-4260-a333-c131c8456d7a, 0.8523391812865497, 1
f46fe58e-4d7f-416a-b5c0-412e46e301d8, 0.8523391812865497, 1
f48dbbcf-8b2f-492b-83e5-3fadadc33263, 0.8523391812865497, 1
f5e3bf46-9f85-4b3b-a702-6e5b57553538, 0.8523391812865497, 1
f7590b69-9273-4be6-acab-ac0012471f79, 0.8523391812865497, 1
f7c854b7-6499-4af0-8bf7-e01c9a2196ce, 0.8523391812865497, 1
f7d28134-dbfd-439f-8cca-97ce57047848, 0.8523391812865497, 0
f856ae27-9654-4226-be6e-f9d7491d81d9, 0.8523391812865497, 1
f893b9c6-e680-4e19-a959-129fcb51de99, 0.8523391812865497, 1
f936fae4-0c0b-49f1-83f2-ac786266a1fc, 0.8523391812865497, 1
fbc5b5a1-61c2-4366-a78f-5294d4fe438f, 0.8523391812865497, 1
fc49600a-674f-45b1-b4a2-e393ebc8ed38, 0.8523391812865497, 0
5288cfe2-2a7a-4064-9ba7-db0cc5f3b9c8, 0.8486842105263158, 0
9308b638-bb2e-46be-90ab-53931423eab9, 0.8486842105263158, 1
a1f200ca-b392-42e9-afa9-e8e0d898b84e, 0.8486842105263158, 0
1dc044c1-0847-4be2-9f3c-14fa97da721b, 0.8472222222222223, 1
2ce3397d-9132-4775-b590-6511ae7f2eb7, 0.8472222222222223, 1
39cad420-1474-4d72-9b5d-86d7bbbc0d55, 0.8472222222222223, 1
56cfeb77-5649-481b-a394-a8437cb8a73e, 0.8472222222222223, 0
6559f7b7-8a7c-415f-9bcc-bb03e58965b3, 0.8472222222222223, 0
77cd1099-1799-45f5-a737-8daa4cb81e31, 0.8472222222222223, 0
88efff0c-3163-43b9-8306-a5917c380ff7, 0.8472222222222223, 0
9bcd7a2f-2207-4f9a-8606-a2c056a46436, 0.8472222222222223, 0
9c719d5b-6641-4e9a-8f0a-813d8cef7159, 0.8472222222222223, 1
e3e8d02b-8903-4d3d-a1ac-3efb9a0c0df4, 0.8472222222222223, 0
f304566a-bcbc-41c9-98a2-5ae61248b932, 0.8472222222222223, 1
f412760e-25fc-4dab-aaa0-8c3561e19326, 0.8472222222222223, 1
08bdcb2c-5963-451c-88e6-479299fb49e0, 0.8457602339181287, 1
0a6c408c-cd7f-4f01-875b-0de735596091, 0.8457602339181287, 1
0b1f1ff6-99eb-4840-90a2-275e1303e9e5, 0.8457602339181287, 1
13184263-93fc-4704-8e39-f5193b86ef2d, 0.8457602339181287, 1
19fb1d6c-9fd7-43ea-9184-ce921ded2501, 0.8457602339181287, 1
1b9c5c7a-4240-439f-b38c-bbc64be0d6c6, 0.8457602339181287, 1
1b9cc8ae-f944-48dc-8a8e-547587e6cb1b, 0.8457602339181287, 1
226637c4-405c-4032-88ed-fc25954a828d, 0.8457602339181287, 1
256b16eb-22c2-435c-9e2c-2ea488220b7c, 0.8457602339181287, 1
2aed0a36-c355-4a82-aaa2-c3780d1781f1, 0.8457602339181287, 1
2aee1825-35f4-47b1-b8a3-c9e48bf281d9, 0.8457602339181287, 0
399679d0-bb49-485d-aa7c-813b5eff2f50, 0.8457602339181287, 1
3bfe2c51-89c9-44a3-bfc7-1f43eb0a94f8, 0.8457602339181287, 0
3f6c0630-08bb-4a1e-b8ff-6083c20c78a7, 0.8457602339181287, 1
4394137e-dea9-437d-81f5-2f530125642e, 0.8457602339181287, 1
446d823d-55ce-4384-b2c8-248c66412afa, 0.8457602339181287, 1
476d2052-f1af-48a1-866f-23d31325842e, 0.8457602339181287, 0
49a8eda2-957c-4aad-b0f7-9a0d6fb9d510, 0.8457602339181287, 1
4e087bf9-509f-4990-9e2a-b9c695b0cfa9, 0.8457602339181287, 1
4f27f994-0d49-4b65-a25e-db781fd4134c, 0.8457602339181287, 1
4f425244-b82c-4ad6-818a-ccfcf7ad948a, 0.8457602339181287, 1
58562d7e-c423-416b-b91d-25b63fd44b76, 0.8457602339181287, 0
58dd3f0e-341d-470a-ab5e-5768568bf081, 0.8457602339181287, 1
59f615ec-f14a-481e-8192-29880caab1dd, 0.8457602339181287, 1
6019d9cb-0d5e-4115-b123-7b7200dfa3ac, 0.8457602339181287, 1
6590dbde-e8a3-4eb8-aaf6-0dbf0dce9864, 0.8457602339181287, 0
66776014-fbfb-4358-99e7-8702c54b040a, 0.8457602339181287, 1
6c0052eb-1de2-4b84-87c4-726ee0c71a8b, 0.8457602339181287, 1
7175c2ba-8ec4-4a8d-8297-d67df2b59933, 0.8457602339181287, 1
7c3a6495-adbb-4876-b382-ad86f3d3f4eb, 0.8457602339181287, 1
7d22336a-d466-4a5d-94be-54bbf98ef501, 0.8457602339181287, 0
7dd90518-fa50-4514-87fc-e3cf933fd709, 0.8457602339181287, 1
7e3c006c-1892-4ddf-83d2-7dd41f3bfa3d, 0.8457602339181287, 1
7e8ac3f3-e69b-4345-90ed-d4586355cab9, 0.8457602339181287, 0
8220cae5-a5f3-442e-8d18-9d4f11d40916, 0.8457602339181287, 1
8a504f19-ac17-4d1f-819e-47879b3221ea, 0.8457602339181287, 1
9689a4db-9fa6-4caf-b524-d4ef6cee0517, 0.8457602339181287, 1
9af77f84-09a6-4177-827b-3a5165eafd1f, 0.8457602339181287, 0
9b07a39f-52f1-42bc-af5c-b3f56505ba8f, 0.8457602339181287, 1
a02500fc-d718-489c-89d1-4f11668b8340, 0.8457602339181287, 1
aa5dd681-d8fc-40d1-b029-4ae56e5fefb7, 0.8457602339181287, 1
b5df133f-4721-4eb1-8091-264e90ad7c99, 0.8457602339181287, 0
b74aa087-65d1-4d06-8f43-fa018b7c3378, 0.8457602339181287, 1
ba3de409-d910-4763-82e3-bfdcc305ebc6, 0.8457602339181287, 1
bdaaa911-bb6a-46f8-910a-96fab43c3f62, 0.8457602339181287, 1
c4b0239d-8865-4335-9010-3a7073ffa84e, 0.8457602339181287, 1
c5920e8f-0731-41f3-bc62-396d678d2de2, 0.8457602339181287, 1
c80c6937-44b5-43cf-aaf1-24f5e4061342, 0.8457602339181287, 1
cc048dcc-702c-4535-b063-c4f00962908a, 0.8457602339181287, 0
ce37b5f5-02a9-4dbc-992a-e17fdf2e4072, 0.8457602339181287, 0
ce74fdf4-7178-4504-8a56-9e03e9ba076a, 0.8457602339181287, 1
d187cb92-662c-49b8-b32e-f56b4d716194, 0.8457602339181287, 1
dc0632f1-923b-4355-bc59-d031251acb35, 0.8457602339181287, 0
f3d6d598-e543-49a7-8d17-5fd4a1319da4, 0.8457602339181287, 1
f61b5ff9-f5e8-429f-ba10-3a75f2ad4a87, 0.8457602339181287, 1
fd44e618-2a0b-4289-8ea7-78ea5f2d48cc, 0.8457602339181287, 1
ff01ff90-97c9-4649-90ad-e2c041123b26, 0.8457602339181287, 0
3d1ff045-232c-4350-820b-707596b87a85, 0.8406432748538012, 1
51b75952-4cb9-4bbc-900a-9cf4754909d9, 0.8406432748538012, 0
6ebd1ccc-f8c2-4dc5-8240-a3ec5ab72b87, 0.8406432748538012, 0
b599b605-4600-4315-9e41-f23490de3eec, 0.8406432748538012, 0
df7c9686-4828-4220-ac48-981c55af9fcd, 0.8406432748538012, 1
ed257703-c2c9-4b5a-9c87-135286ed8f9c, 0.8406432748538012, 0
f5501ed0-3edc-416d-aaa1-f54973ce8d4b, 0.8406432748538012, 0
0c4a48b1-3bf6-49b8-907e-0c788b17fac6, 0.8391812865497077, 0
0e7e32bb-1abf-4622-af29-728cb31c9ac0, 0.8391812865497077, 1
1a417e28-ce2f-4cb3-afec-4d4fec5443e0, 0.8391812865497077, 1
1e8758d6-1d36-4597-b72a-a72b8526449b, 0.8391812865497077, 1
1f2c0b8b-6855-4a57-962d-e444c56b36d1, 0.8391812865497077, 1
2d835611-87c3-4f80-8743-de37ec6e2e4f, 0.8391812865497077, 1
36fc29b6-ec1d-4ada-97c5-d3fffda4c611, 0.8391812865497077, 0
3a255906-2569-4b74-aa94-e46e0bf326bb, 0.8391812865497077, 1
4a061217-4414-42c7-8b57-2df6256a0687, 0.8391812865497077, 0
4bf0719c-7149-4ea5-b03b-184f5ff42de4, 0.8391812865497077, 0
5019e3b2-0018-4b68-a656-65663101939e, 0.8391812865497077, 1
5153bbee-0365-44ef-a41a-fb67d00a2b2d, 0.8391812865497077, 1
6e5cc13d-c3eb-4d06-bf5f-a708748dd76e, 0.8391812865497077, 0
73a3e5d4-091b-4a85-976f-48674a249e11, 0.8391812865497077, 1
7a238667-be76-4e87-83a4-ccf907e85d01, 0.8391812865497077, 1
7c56c0e3-2ae4-4b81-8842-4bcfdf51c2b8, 0.8391812865497077, 1
7cc44373-4783-458f-8900-5c0f72b27dc5, 0.8391812865497077, 0
84959bd7-9f37-470a-ba65-85e76d742faa, 0.8391812865497077, 0
86d75c0a-005c-43fa-a003-27cc219f602d, 0.8391812865497077, 1
8faf979b-a4b3-4f82-a514-bf755d25a432, 0.8391812865497077, 1
950eac5a-19a0-4909-918f-d3fb6c87e015, 0.8391812865497077, 1
9d9c5276-212b-495c-84d1-9187050aec80, 0.8391812865497077, 1
a65d5951-8144-435b-a654-37e375b6bd40, 0.8391812865497077, 1
a731da72-453b-4b70-a47a-36e2176b90dc, 0.8391812865497077, 1
acabc779-5718-4f47-ac1a-22cbe3cd1c19, 0.8391812865497077, 1
b17b46ec-c731-4181-a20d-d5bb73faf54c, 0.8391812865497077, 1
ba44f352-7b4e-42d2-aaef-fcab25869e71, 0.8391812865497077, 1
bc17e593-eb5a-4f74-8de6-1d85eb286504, 0.8391812865497077, 1
c159951c-25a8-4f76-a8e1-c0220dff6d6e, 0.8391812865497077, 0
c2bd9b12-b105-46fa-8987-8f10a5eea124, 0.8391812865497077, 1
c4c7cd14-dc69-4334-9d83-c652531b85dc, 0.8391812865497077, 0
c917a9b7-9e5e-48a7-8cfb-e4f47ef41606, 0.8391812865497077, 0
d4de4703-f86c-4437-b146-bca2073b02f1, 0.8391812865497077, 1
d6c860b0-b736-4fed-9237-08fdf8b43585, 0.8391812865497077, 0
d96d107f-d496-4578-993e-b0fdaeb9cca2, 0.8391812865497077, 1
e2df7f1f-1d80-479a-838d-621bf3b3967b, 0.8391812865497077, 0
e7fc4225-1db5-4b9c-b014-c63a9c6b1d1b, 0.8391812865497077, 1
f92b12cd-a25c-43b1-b85c-c7c298918f72, 0.8391812865497077, 0
f9877521-60af-4408-a657-1c0e7f3ca472, 0.8391812865497077, 1
f7357404-ddbf-49b5-ae4a-d0d7a68b739a, 0.8355263157894737, 0
0e879383-f2d2-40a0-91ba-47671d01a7e8, 0.8340643274853802, 0
27147bd0-dc2b-4f69-a292-19d1bc06208b, 0.8340643274853802, 0
527b4f21-2e5c-40f7-a6b7-ca13bc197dd4, 0.8340643274853802, 1
7733bc31-56b9-465f-8659-a43907e6f098, 0.8340643274853802, 1
b0ccb4c9-72a6-4fae-a9f5-bee73ddb73fc, 0.8340643274853802, 0
d7493560-ce7d-4447-be3c-83836ba5db87, 0.8340643274853802, 1
0a26769d-3a3d-45d1-b4d1-eb6953fdd25d, 0.8326023391812866, 0
2993837a-34ac-4e34-bd1f-5cd81c634e1c, 0.8326023391812866, 0
34289ab6-35a6-46dc-8145-e3fbfd7b5efc, 0.8326023391812866, 1
398ff330-8dba-4561-8bd4-ff76c88d95fd, 0.8326023391812866, 1
455b8fc9-8c1b-4fc4-80cf-6b13fb2ee89a, 0.8326023391812866, 1
51d7259b-3075-472f-919e-a47057148fd4, 0.8326023391812866, 0
56b0b27f-f366-4b4c-a072-6180be313913, 0.8326023391812866, 1
6ba1b576-a62f-44e3-8663-cb9c2b656ce1, 0.8326023391812866, 0
77ec502a-f788-4a63-a8a1-bcb73c25fdde, 0.8326023391812866, 1
9e1653ba-c9a5-47dc-8fc9-ab7c02dbedb0, 0.8326023391812866, 0
b01374fd-e470-4f17-8605-51b4ca0dd396, 0.8326023391812866, 0
b4051c37-bf31-44df-a20f-f4f30689d776, 0.8326023391812866, 1
b5af1cef-dedc-43f1-bf77-faabd4d4c3e4, 0.8326023391812866, 1
bacc5064-1584-4942-a527-08d36c2bb48e, 0.8326023391812866, 1
d91acda7-a727-45c1-9daa-07024383409d, 0.8326023391812866, 0
e945bb98-6314-4fee-8a24-42064d49797e, 0.8326023391812866, 1
ea3d171b-a1e6-452c-b092-6df82c388283, 0.8326023391812866, 1
f28e1cbb-7484-4dc3-a761-7f7ee35c2c63, 0.8326023391812866, 1
f5569430-d03f-47b2-b5ef-6822fc538bcc, 0.8326023391812866, 0
f7972548-c272-439b-9e35-8057ec45c483, 0.8326023391812866, 1
6e03909e-5fdb-4335-9146-ade593489bd4, 0.8289473684210527, 0
1e547f21-bba5-410c-a086-c1f80da64feb, 0.8274853801169592, 0
42ac1c57-dfd0-4512-b477-ef1fad0919f4, 0.8274853801169592, 0
5a6bc4cf-051c-4ea8-8b58-c6f8d810654a, 0.8274853801169592, 1
8c8c58c2-011b-4a74-a21a-a93dce307b42, 0.8274853801169592, 0
a922e4b0-98b8-46bb-b72b-45699878ed2b, 0.8274853801169592, 0
bbb2f46c-efa1-4e1f-8eff-cebefeeb2c19, 0.8274853801169592, 0
2db936ee-4eb1-48ae-ba62-54aaa795b146, 0.8260233918128655, 0
4019d19e-e897-40fd-b495-8dd0b62bb52a, 0.8260233918128655, 1
57684cc2-9bf9-4e8b-b0bd-c9d7f1d7575b, 0.8260233918128655, 0
63297a5f-fda0-4469-b403-88a6ad607671, 0.8260233918128655, 0
704f3fa2-e99d-42cd-9f0d-d2d6ef883d1c, 0.8260233918128655, 1
776cda46-bd27-44f7-95b3-99cbb9f84879, 0.8260233918128655, 0
9a841fa1-154c-497f-a39d-407e95263eb2, 0.8260233918128655, 1
9ef173f6-3562-4977-b2b2-81b77f1894d9, 0.8260233918128655, 0
a9f93679-1f6b-46cc-a885-72e70a53703d, 0.8260233918128655, 0
ae523fc8-7911-4ec7-b2d0-20ca7eb7efda, 0.8260233918128655, 1
b00d578b-8a4a-4fbd-ba31-67aa2eda909b, 0.8260233918128655, 1
d652e74d-fb3d-4c08-b824-8e7731ed020a, 0.8260233918128655, 0
ff6ccf76-e8df-45db-8245-1681d1b0c3e6, 0.8260233918128655, 1
00ed7380-026b-41fc-ba3e-d68ef32380ad, 0.8245614035087719, 1
010dd0c0-2242-49d9-b153-6e84a262204f, 0.8245614035087719, 1
04e6b0f0-902c-43f5-88e9-69477d8db3f6, 0.8245614035087719, 1
06775c5f-d54e-4288-a7d9-8877b188f70b, 0.8245614035087719, 1
07e321b5-8969-456d-bbfd-200b2eef8e2b, 0.8245614035087719, 1
0926a2cb-1c2c-4579-b965-9d8931ed3a93, 0.8245614035087719, 1
0a0cc9b4-518b-4a61-8868-ee5c909f3518, 0.8245614035087719, 1
0c0e9701-d0d6-4b85-b192-105ce75e73a1, 0.8245614035087719, 1
0fced924-75a5-4889-b43f-588788cab21c, 0.8245614035087719, 1
1060793a-695f-4847-9949-c1e93b871a4a, 0.8245614035087719, 1
1140c10e-1a77-4b8c-8177-1173ca35b213, 0.8245614035087719, 1
16367ca3-6a5b-454e-a630-a3f9daefaac6, 0.8245614035087719, 0
19fbf0cc-c3ad-47f2-b173-57a9f7fe5565, 0.8245614035087719, 1
1ac82a6d-7cec-4261-90e9-7237fb1d47e4, 0.8245614035087719, 1
1b29f342-7bfd-4f46-9a70-83abe807069a, 0.8245614035087719, 1
1c51fc77-1c65-432b-8f99-596f12915866, 0.8245614035087719, 1
218948e2-391b-4f31-91c8-a1f4da767bb1, 0.8245614035087719, 1
21a7204d-ed87-4fc3-857b-186c12c418a6, 0.8245614035087719, 1
2acec66b-ac8b-4dd0-a575-0e202ef4ef4c, 0.8245614035087719, 1
2e02d239-fb24-4c22-a883-eba4a73bbcc2, 0.8245614035087719, 1
2ef49778-6f18-4ee7-91ad-65d8beca32a5, 0.8245614035087719, 1
3197b87b-fb93-43bc-a721-81789fcf2c75, 0.8245614035087719, 1
327d3910-085e-4917-9679-9ccb3cf052eb, 0.8245614035087719, 1
332d5c47-4b8c-4f82-9fa4-e486a0ea6f7c, 0.8245614035087719, 1
34cf1ab1-5149-473e-989c-cc224d29ec5c, 0.8245614035087719, 1
36a0b3a5-8d58-4a33-9155-eb2dfd5b80ce, 0.8245614035087719, 1
36aeb16f-8e75-4a9c-bd84-1922077fa9f6, 0.8245614035087719, 1
373a60fa-4d09-449e-b253-008fd1e62f99, 0.8245614035087719, 1
3c606f15-0c1f-4697-b830-7831567384f8, 0.8245614035087719, 1
3de1c4d6-42dc-48d2-83be-a7d015d8d4b8, 0.8245614035087719, 1
4344289b-5544-422b-85d9-2fb531c66c0a, 0.8245614035087719, 1
440851fe-bc11-49d9-844e-2f8c622c2289, 0.8245614035087719, 1
4c7498ff-78aa-4d7b-bd2d-dae60360e81d, 0.8245614035087719, 1
4f216a4b-939c-498d-aa29-94325412b1b0, 0.8245614035087719, 1
500bf01e-411d-4829-aa84-9c63309302ce, 0.8245614035087719, 1
51296e78-6bc3-4aca-88bb-537eaf2f0ab0, 0.8245614035087719, 1
512f6903-a488-4057-b21d-17dc3ed97590, 0.8245614035087719, 0
53d5bf84-1494-41bc-9dd0-c5aeffce554e, 0.8245614035087719, 1
55d5e92d-3b39-4153-b224-2b937cdfc0be, 0.8245614035087719, 1
5697edd6-d76e-4a92-b79f-b75cc0b8b1e3, 0.8245614035087719, 1
56f08e53-a7f3-4c43-8ca6-c4311527fe9b, 0.8245614035087719, 1
575fc0c8-0ac2-4854-96d0-78f2b10bb548, 0.8245614035087719, 1
5a7d59ed-8d8a-4972-83cd-8c98f2873a84, 0.8245614035087719, 0
5cafc63e-a124-4cb0-893d-98d15d187953, 0.8245614035087719, 0
5fd5921e-2aab-49ac-a52e-cfc5dd964a55, 0.8245614035087719, 1
60c2030b-8181-4e38-baa3-91b83e9227be, 0.8245614035087719, 1
62f19459-22c5-4743-ad89-691c23decb59, 0.8245614035087719, 1
66f73996-3db8-4b0c-8065-8d1642a76601, 0.8245614035087719, 1
6d09e2f3-0fad-491d-8fc9-639ad10e0fa9, 0.8245614035087719, 1
7165f7b0-1cb8-420c-b625-d0ba2a7073fe, 0.8245614035087719, 1
7345227e-4721-438c-a70b-fb1317991ba8, 0.8245614035087719, 1
74f6227a-7d7b-4ba5-aeb4-1921fae347b1, 0.8245614035087719, 0
75dd843b-2680-414e-badd-33a954a6ed35, 0.8245614035087719, 1
775a8f75-2adb-4c9e-a0f0-565c7c4265a9, 0.8245614035087719, 1
78ab67d7-143c-4e8d-8b12-8dd27b0ea467, 0.8245614035087719, 0
79274172-6638-4997-89f8-9abee77f1eab, 0.8245614035087719, 1
7e2fb8e6-4428-4741-a7bd-7ff20a62be79, 0.8245614035087719, 0
82aa82bb-1011-474f-876b-0d78beef30f8, 0.8245614035087719, 1
84334286-4b80-42c8-9c06-6033ad7d1a98, 0.8245614035087719, 1
85316dc9-892e-4ada-8dcc-0e9da2ca8bb6, 0.8245614035087719, 1
86524b71-145d-4819-bb9d-e12b90769c09, 0.8245614035087719, 1
887a6db9-2335-4099-90ca-c8d54c2bee01, 0.8245614035087719, 1
8aeb9210-ccc3-4ee1-bb51-279b245190d0, 0.8245614035087719, 0
8b725070-8218-4403-9dce-be7029bc6386, 0.8245614035087719, 1
8c3fee57-0d5e-49f6-bf45-67c298a76ced, 0.8245614035087719, 1
91377995-11a8-4e31-8df1-d219e2744c59, 0.8245614035087719, 1
93123bbb-015e-4e23-9ab3-d4894a39beec, 0.8245614035087719, 1
95c95119-7dd5-491d-987c-d9ff93369255, 0.8245614035087719, 1
95d8bcb7-9000-4051-8131-12d3e5ae9380, 0.8245614035087719, 1
98434a0f-00bb-4f1a-8c29-594803952c1a, 0.8245614035087719, 1
9850818b-0480-4efe-bf3d-ee239f977970, 0.8245614035087719, 0
98c28626-0371-4c4e-abfd-98653fafbfa4, 0.8245614035087719, 1
9adee128-dff5-4ea1-a12b-5e497d860f2a, 0.8245614035087719, 1
9ddc7ef6-2133-41d2-838e-827f30c66b40, 0.8245614035087719, 0
a0bc544a-9582-42f2-9135-d34c8207985c, 0.8245614035087719, 1
a3e3e1ca-81e6-49eb-876e-9454e01e1f3d, 0.8245614035087719, 1
a45300a6-66eb-4109-894f-e5a551263eb2, 0.8245614035087719, 1
a4656efa-bb1f-449d-a12c-18bf055ea7d1, 0.8245614035087719, 1
afbd60b3-f34c-46ab-bc3d-8027aa68d7bb, 0.8245614035087719, 1
b0bf45c7-25b0-4671-aa07-f6605cc63fca, 0.8245614035087719, 1
b0e60545-4bd3-40a9-bfbe-28efcf954b0f, 0.8245614035087719, 1
b1b93c59-01f3-4773-ae40-9950f7b3d44b, 0.8245614035087719, 1
b3f277a2-bb00-4ee5-8fc1-5e7f40500062, 0.8245614035087719, 1
b70d0e94-cced-4685-9110-755f5c8dffdf, 0.8245614035087719, 1
bcdca4cc-880e-41b9-b985-14b6214c3d6e, 0.8245614035087719, 0
be2cd8dc-4d0f-4e7d-bf92-c8de2bf01e70, 0.8245614035087719, 1
bfc95935-c12c-4292-81a3-618f31d0555c, 0.8245614035087719, 1
c25e6cb6-427c-4b82-b106-bbb0c03aacaf, 0.8245614035087719, 1
c353ea94-a65f-44d5-a835-fef8c08c9507, 0.8245614035087719, 1
c435c936-6ef8-4a16-b77b-c7a9050e4c35, 0.8245614035087719, 1
c4c9c8a0-3c1b-46f5-a453-2796ca560a03, 0.8245614035087719, 1
c5319bfa-bc13-4e35-807a-a1338e5564b3, 0.8245614035087719, 0
c56e0aaf-82b8-46ff-97db-6bb13c70364d, 0.8245614035087719, 1
c6cce051-99ba-42eb-8f02-efb648fb1397, 0.8245614035087719, 1
c8f09beb-52b0-485d-9f40-78c6b7683133, 0.8245614035087719, 1
c9e3879d-c8c1-40ba-956c-7085743be658, 0.8245614035087719, 1
cb7960df-d792-438a-bbcc-f5219026366a, 0.8245614035087719, 1
cbeef563-7352-4530-b66c-a342c3d64887, 0.8245614035087719, 0
cc0948dc-c16b-4c6c-ac82-88eba9541b12, 0.8245614035087719, 1
cd738c33-aee9-4727-afea-96d75960d98d, 0.8245614035087719, 1
cf4cee75-8082-46b1-9e57-e7edd01b3644, 0.8245614035087719, 1
d0fa2f6e-7a8d-424b-8716-a7ecda9f7fd2, 0.8245614035087719, 1
d3a3dac6-907e-441b-96be-1ffdd444dd9f, 0.8245614035087719, 1
d5ab7325-e5bc-49a4-8bcb-9de1f05c0839, 0.8245614035087719, 1
d71c1efd-3bea-4357-9c67-16a5df337d6d, 0.8245614035087719, 1
d75b9798-b160-4090-bad9-03be7e803343, 0.8245614035087719, 1
d7b3ce58-a48b-4f4e-9104-cea3ec71ba68, 0.8245614035087719, 1
d95f05b0-9439-41eb-a4c5-9e6f30166fef, 0.8245614035087719, 0
da978e3a-6286-4b40-bf5d-db0b879ca299, 0.8245614035087719, 1
daa58b8d-2f89-46ad-87af-1f00eff3cfed, 0.8245614035087719, 1
dab666d4-bd12-4467-9446-aac9805155b4, 0.8245614035087719, 1
df7fb0f8-0145-4ce8-b1cd-abac1020488b, 0.8245614035087719, 1
e1352d40-cb64-42f6-acaa-ca8a5d8dcca7, 0.8245614035087719, 1
e4c01240-f592-4117-bd44-74c49036f5eb, 0.8245614035087719, 1
e50a6d8f-8422-4621-803a-9cb0de3b8b65, 0.8245614035087719, 0
e6f994ac-1ff7-4d48-8b6f-cc9711f78cbb, 0.8245614035087719, 1
e7ae6349-1267-45f8-81e4-7179fbc0af85, 0.8245614035087719, 1
e8e72d70-eeb7-4a42-8382-a7d8ed63f950, 0.8245614035087719, 1
e934ea0c-98f2-45b1-a9a3-e8478f632f91, 0.8245614035087719, 1
e9596bae-c755-44bb-9f00-2d2c8bfdd298, 0.8245614035087719, 1
eafdd1f1-7a66-4288-8d23-d4b45b84491f, 0.8245614035087719, 0
ebe95891-bc7c-4fa6-a2a2-e058e06c37df, 0.8245614035087719, 1
ecdf18ae-eb90-41a2-95c5-7f5886fc1aef, 0.8245614035087719, 1
ee635e5c-4084-41c2-ac20-075fbac03102, 0.8245614035087719, 1
eeab38f5-8f64-4d16-9444-be2ab26e5325, 0.8245614035087719, 1
f515baef-5894-46b4-8665-76f50cc7db95, 0.8245614035087719, 1
f7ef74c0-2945-4f97-8a4b-9d93c9fd11e2, 0.8245614035087719, 0
f99a66c0-1ce9-48ab-8928-f1b852e884f0, 0.8245614035087719, 1
f9a0f283-3fad-4d23-ad27-07001727f759, 0.8245614035087719, 1
f9effd0b-d51a-45c0-80fd-23c17cf8588a, 0.8245614035087719, 0
fa130d5c-9a39-4dff-b823-56c4cc0fdefe, 0.8245614035087719, 1
a7596408-b8e7-4a17-9480-40dc080831d0, 0.8223684210526316, 0
f2a1e519-1d4e-445f-a4da-092db185908a, 0.8223684210526316, 0
f3344f4c-5d83-4e5d-9c75-56ac4dbddceb, 0.820906432748538, 1
142c88f1-46ab-4f4b-8f59-efc8a0837519, 0.8194444444444445, 1
2f63ac90-e65e-41f0-a9be-265246de3ce9, 0.8194444444444445, 1
5c4264db-7ffd-427e-9b77-8c21205f5539, 0.8194444444444445, 0
6287af2c-aa4e-4fd9-b382-3cd768f46f45, 0.8194444444444445, 0
66ce74fa-3b77-495f-9007-a3a0054cfead, 0.8194444444444445, 1
9688d3cb-3b89-4d89-ae26-3f09b03b4af1, 0.8194444444444445, 0
a5e89630-6ccc-4dbf-abd9-523612c64134, 0.8194444444444445, 0
a8875a4b-6a6a-448c-9b2b-83cff13b7f03, 0.8194444444444445, 1
b44c88fc-0b9c-497c-ac1d-67ec45c24f8f, 0.8194444444444445, 1
be287259-0eea-4f2f-9c5c-0c8f63568e72, 0.8194444444444445, 1
e8856232-3533-4136-896e-da483845b55d, 0.8194444444444445, 1
ee90ef2a-e9f0-4339-b6be-fda2c891d808, 0.8194444444444445, 1
003dc246-95ca-40fc-8046-7f4b6f8ae91c, 0.8179824561403509, 1
04a4bb6b-4b44-4537-80d4-a41f2e7c6cd3, 0.8179824561403509, 0
050afb72-381e-4fb9-900c-edbb54c40f7a, 0.8179824561403509, 1
097293f9-5e7a-40d3-9ecc-5a622d47776b, 0.8179824561403509, 1
0a473241-c0fc-4b1b-a799-49adba12c3ec, 0.8179824561403509, 0
1195b828-1d60-4341-815b-315fdeae482a, 0.8179824561403509, 1
141d7f14-9e98-4f8c-8ff8-7c56e3aaf596, 0.8179824561403509, 1
17175ef7-df42-44f4-a3c4-0908f2c37b95, 0.8179824561403509, 1
1d9a2764-224d-4d75-8b49-e75d2cec285b, 0.8179824561403509, 1
1e1b7097-4ff6-4e84-b60a-922b61f39f14, 0.8179824561403509, 1
26a6207e-6623-45cd-aac8-f6a274ed1d9e, 0.8179824561403509, 1
2948980a-494a-4e72-b00e-a1f226394376, 0.8179824561403509, 1
29ac4407-6c98-49f7-9ff2-bffb1c24e8f2, 0.8179824561403509, 1
2bd210a1-353a-4a25-9e4d-1948d1dc65b2, 0.8179824561403509, 1
2c1311ca-5886-4016-86d8-9fea1761099f, 0.8179824561403509, 1
2ef35672-7a8d-4bc0-89c4-36535a271af3, 0.8179824561403509, 1
309542fc-2892-40fb-9923-6f4f65ffed57, 0.8179824561403509, 0
356fcc27-6563-435a-8f87-34700a45bfa3, 0.8179824561403509, 1
4387cbf9-095a-47a8-9a21-fbc3c805f05c, 0.8179824561403509, 1
44448920-29fa-4cf9-be91-c3e5751e9dcf, 0.8179824561403509, 1
463d5eb5-a11f-4edb-b57c-ccbaca483eda, 0.8179824561403509, 1
55156341-4d25-4cc2-9a75-77854c60901a, 0.8179824561403509, 1
5e3dac40-a16a-4cab-af8c-d68ada86a7e4, 0.8179824561403509, 1
6033c502-b808-44dc-9cb8-1c4d11d2a3c5, 0.8179824561403509, 1
61e7854d-d1ce-4409-9fa8-7b2201bcf0c5, 0.8179824561403509, 0
61f17c70-1f41-4188-98ea-60ded3082388, 0.8179824561403509, 1
6562d5fe-07a3-4e96-9363-02e6da48bf22, 0.8179824561403509, 1
6872132b-b98d-488a-a6aa-c4cfd27bed88, 0.8179824561403509, 1
695fd659-14f0-43ef-9e70-7cf95c8f28ed, 0.8179824561403509, 1
69e1f6bd-e6a8-41ae-8efc-20d1330cb183, 0.8179824561403509, 1
6bbc933c-3c7a-4967-8c81-88b2e7390047, 0.8179824561403509, 1
6ca67bc2-d8b0-43ec-9933-51def46e2473, 0.8179824561403509, 1
6e34f1df-088d-4873-93b1-d32ff71ffd1e, 0.8179824561403509, 1
78f1bc25-66b9-4c59-b3fd-d2b9a8cbb8db, 0.8179824561403509, 1
79165210-6a68-461f-825f-dc904d6f975b, 0.8179824561403509, 1
79333873-86af-4c03-ba73-63e84f1b71bb, 0.8179824561403509, 1
805fefef-1550-4d8d-a57a-5c659a74eeed, 0.8179824561403509, 1
8454e12b-064f-481b-9f2c-8c542217321a, 0.8179824561403509, 1
86cf0b0a-34c8-483b-9c27-2d0cf651780c, 0.8179824561403509, 0
8bb0984f-4d50-406f-a2dd-aa8f7b8f36cd, 0.8179824561403509, 1
8d6722f4-e3f1-474c-90d4-1d28f4a247f2, 0.8179824561403509, 1
90310eca-7a76-4847-a2b7-6830e47ef96a, 0.8179824561403509, 1
9420a609-d13d-4adb-b9f5-8acfa43d1f43, 0.8179824561403509, 1
978bb986-1be8-4277-8640-6dddf0ead84d, 0.8179824561403509, 1
9f8e6531-ee17-490f-bab2-aa8df6859d00, 0.8179824561403509, 1
a0025316-ea5e-4f6e-b881-db51421d3095, 0.8179824561403509, 1
a1363d99-d540-4fc3-bedf-dd633dcd6852, 0.8179824561403509, 0
a8c4a76d-00b5-49ee-8aed-2311f0d39d52, 0.8179824561403509, 1
abe62fd5-5004-4853-bf7a-536f072a3ee9, 0.8179824561403509, 1
abf11325-6be3-4e02-8a2c-74ee72bcf7c5, 0.8179824561403509, 1
b1893e5a-f02a-429f-af6b-6b42941a2a68, 0.8179824561403509, 0
badeaef9-16bd-4433-83e0-6e6fada63755, 0.8179824561403509, 1
c121ce2d-b7ea-4ed3-a4c6-172e0033bb0b, 0.8179824561403509, 1
c3403070-8bd3-497b-9594-8a947c71e6c1, 0.8179824561403509, 1
c744dd16-1293-4d68-b69c-ca4ae2095fa5, 0.8179824561403509, 1
ca43b028-23e0-40b6-9cd9-ad52d544fdb0, 0.8179824561403509, 1
cd25ec40-9149-489c-8f57-cd65e6ea3432, 0.8179824561403509, 1
cda92560-3160-4dc0-82bc-c6c6b4b55cad, 0.8179824561403509, 1
d3e45d7f-4d7f-4511-a30b-dcd4a059882b, 0.8179824561403509, 1
d5ab3f08-f336-47a3-a3ea-a4fc0c8ba6e0, 0.8179824561403509, 1
d93f1f8a-a1e6-4c75-9553-a47c24fb857f, 0.8179824561403509, 1
de852ebd-8ff5-4763-aad9-8e51a6620164, 0.8179824561403509, 1
e3f2c68d-2d20-42f6-8eb2-94b6279f3481, 0.8179824561403509, 1
e6d99ceb-2608-4bb4-8466-1042b25afb4d, 0.8179824561403509, 1
e729b40a-bdb0-4510-bbb0-140ad1ff1ed1, 0.8179824561403509, 1
e7a051e4-c324-4f87-aac0-d42f2a1e8bae, 0.8179824561403509, 1
ea31992d-56cc-4685-aa0c-af12393049fa, 0.8179824561403509, 1
ec5c27a8-fd86-4176-b789-cd19555873fb, 0.8179824561403509, 1
ed35ad7e-7585-40de-b8f6-cde089b45e88, 0.8179824561403509, 1
f040525c-4367-4e2f-a041-2060d8cbedb4, 0.8179824561403509, 1
f673085e-9309-4173-8ac3-e8322d82eabc, 0.8179824561403509, 1
fab6b60d-84c5-48a1-9d65-0be82d977c25, 0.8179824561403509, 1
fb22d889-9ea4-46c4-978b-7b138f227b90, 0.8179824561403509, 1
1aff8bb9-a227-48ce-afa1-c17c2c6db8d8, 0.814327485380117, 0
1d4061b4-b362-49fa-a2c6-6ced60205ba3, 0.814327485380117, 0
273d2436-1a99-4190-9f15-ba2aabaee618, 0.8128654970760234, 1
3d7d506d-ce78-4614-b374-e5ea09a6f463, 0.8128654970760234, 1
4fe7f282-b02b-4ddc-a56d-6d18f82933fa, 0.8128654970760234, 1
7b41973a-cac2-4044-b519-c980d4a5c804, 0.8128654970760234, 1
b2bfeed6-9eee-4182-8965-3e94027dd246, 0.8128654970760234, 0
c9798a09-7c41-41fc-8c5c-c3d85c52d978, 0.8128654970760234, 1
ffcf4118-dcc6-4dfb-b101-a008b03ccd6b, 0.8128654970760234, 1
0821c7e7-5779-4fc7-8918-2546c2bfd263, 0.8114035087719299, 1
08452e89-ee72-4bfb-854b-40e29e6cae46, 0.8114035087719299, 0
0ad6c695-d987-4278-ae8e-2f5b7ffc575e, 0.8114035087719299, 1
1b76794b-7e85-4202-9c68-695f78071790, 0.8114035087719299, 0
2b51c1c5-1bc2-429c-a546-e9b4aa4813d0, 0.8114035087719299, 1
329564ac-829c-4f00-a616-fb1f3eebcae4, 0.8114035087719299, 0
34aedcca-0cfe-4988-b73b-cd189536dfe8, 0.8114035087719299, 1
353a435c-ffda-4593-a556-94ac5f8b6504, 0.8114035087719299, 1
44657b85-5d18-456e-99a1-a7d8717d4ebd, 0.8114035087719299, 1
4879a6e0-d169-42e0-8be7-95f4ed0334e4, 0.8114035087719299, 1
4d19aecd-a759-4404-9595-9a9100751a77, 0.8114035087719299, 1
4f7d3c64-0e0f-492f-b2aa-c94de4529a91, 0.8114035087719299, 1
59140bb0-1438-452b-bb03-51bd604efc1e, 0.8114035087719299, 1
5af74340-f3bc-4890-a083-176380a757f6, 0.8114035087719299, 1
6a4c76d8-82c7-4eb6-b53a-46eaed6c0070, 0.8114035087719299, 1
6c1f82a4-8dc1-4718-bc88-86803aa9398a, 0.8114035087719299, 1
704ca5b6-ef8f-4b70-8d50-8a53d09c3f62, 0.8114035087719299, 1
73f81c70-4046-4ca3-a3ad-59118d15a3cc, 0.8114035087719299, 1
755aa4b6-ce90-4761-b432-a83900e0bc4b, 0.8114035087719299, 1
77b1e066-638d-445b-b010-6a0eeea872bc, 0.8114035087719299, 1
7bf853b1-0af4-4db5-8a89-a8716121813e, 0.8114035087719299, 1
86fd2277-3e72-4cd1-99d0-877f0f6bc37e, 0.8114035087719299, 1
87a86c7c-48ab-4b9a-b49c-a5da2d6da74a, 0.8114035087719299, 1
92a60c06-3590-4095-9359-f650b6218273, 0.8114035087719299, 1
97c65d34-cc41-48d8-8b8c-05cf490b94fc, 0.8114035087719299, 1
acf7a671-9518-4b86-b69c-8c614533a4aa, 0.8114035087719299, 1
b6c8cd95-6685-4f4e-afdf-6e2e6084ab7b, 0.8114035087719299, 1
b855d7bd-7807-4f59-b5c8-f0f213a1539d, 0.8114035087719299, 1
bc890848-b3ff-4c15-a436-0027ec516539, 0.8114035087719299, 1
c731c749-92f3-4bce-aa4e-a7a40530a0c0, 0.8114035087719299, 1
ceeeef0b-9fd2-4c58-bcba-c11d232a599d, 0.8114035087719299, 1
cf8acae2-6458-454d-bdcd-a015657b63f8, 0.8114035087719299, 1
d7578157-ded0-432b-af35-24e134751aa4, 0.8114035087719299, 1
d9b4c842-77d8-4c84-805f-0d7b013fba35, 0.8114035087719299, 1
e3450af9-2bce-4e9a-9471-76459a199d1d, 0.8114035087719299, 1
e443d1cd-2ea8-45f0-8a66-ec97f71691ae, 0.8114035087719299, 1
e60e06e2-00a7-4690-a8f2-7d92f3c3e3bc, 0.8114035087719299, 1
e98bbdaf-daf8-4d10-958d-03fbee1381b3, 0.8114035087719299, 1
ebc91550-0a01-484d-aaf3-b91b52bf7405, 0.8114035087719299, 1
f219cf2b-6985-4b73-855b-893ba0709f32, 0.8114035087719299, 0
fb1a49da-4393-46e0-ad44-c1203d026b47, 0.8114035087719299, 1
fc0599b2-42f3-47be-bed0-a5803ace8a38, 0.8114035087719299, 1
fe60a1e8-efeb-4b99-a868-ed4df7bdbec0, 0.8114035087719299, 0
fe6a507a-31fd-4e35-875b-f989d1a9f3b6, 0.8114035087719299, 1
3207718c-aca5-4633-b4fc-ac5c5f39c727, 0.8062865497076024, 0
39577674-fd37-4f39-beb1-eacbe8b129ee, 0.8062865497076024, 1
f2c8ca2b-d4a6-439f-92e2-3dd698c2af24, 0.8062865497076024, 0
09444eb0-6dee-4dbd-af65-b08eed42583f, 0.8048245614035088, 1
1318e577-2dd4-4a9d-96da-6d7c2a5cc4c3, 0.8048245614035088, 1
193d24cd-6c0f-4de5-9bf4-d0e4fdc19be2, 0.8048245614035088, 0
2309cb6c-ce30-4b20-ac96-027ce04258fd, 0.8048245614035088, 1
26e11f51-b3e8-4c72-9fcd-fe81cbbdb0e2, 0.8048245614035088, 1
368d18e3-e720-44be-b7da-c42f3c7ee4ee, 0.8048245614035088, 0
398d24c1-4803-47d9-84d6-22ff4b4edf0e, 0.8048245614035088, 1
3a09b341-b0b9-4a15-934c-2c82b48f31d3, 0.8048245614035088, 1
3d527a0f-201e-4231-a02b-0b1ba58d9f9f, 0.8048245614035088, 1
4697b5d5-3aed-432d-91b0-c048f90d6fee, 0.8048245614035088, 1
4908b994-a72b-441d-b24b-f619f48eaffc, 0.8048245614035088, 1
4bd10b5e-d34c-4fd4-a08f-b003156076c8, 0.8048245614035088, 1
4f93b6af-df94-4586-b57a-34940df588fe, 0.8048245614035088, 1
61b29877-26ad-49a7-8409-8aa43a953e36, 0.8048245614035088, 1
6d28f086-3c78-489a-8e00-53fd69751ac4, 0.8048245614035088, 1
8635b122-5aef-49d6-9508-1ad6c4cf696a, 0.8048245614035088, 0
8991a243-5aaa-4b7a-8ceb-f42d00279505, 0.8048245614035088, 1
8bfc5bb5-2d59-4c74-9ec7-a4f9b1f7f09c, 0.8048245614035088, 1
8ffb3e2b-2563-4a39-a284-34e664e5ebc1, 0.8048245614035088, 1
93f6aaac-8191-4600-8fe9-74d22ccaca68, 0.8048245614035088, 1
9603ac34-5b2c-4d6e-b096-b6e47c316585, 0.8048245614035088, 1
b11ec41d-36d2-4495-93a1-463f22f009e8, 0.8048245614035088, 1
b4938d05-1343-47b4-8fba-f56dd6c24830, 0.8048245614035088, 1
b5117a04-cdd2-4480-a7ff-6176290007ef, 0.8048245614035088, 0
b86600ab-b4cb-406d-8f4f-bbef9581f069, 0.8048245614035088, 0
b8e2d286-27c1-4f95-bbf6-de916255f25d, 0.8048245614035088, 1
bd7d4dcd-53e8-421f-817b-e1707eb50313, 0.8048245614035088, 1
bf6cf549-bda2-460a-bb73-18e0095201a7, 0.8048245614035088, 1
caf49ac1-ef3e-41ac-8361-1f25b354b0a0, 0.8048245614035088, 1
ded3f5e0-5ef4-47a3-985a-b79af44aa43c, 0.8048245614035088, 1
e0f164c9-5fdc-4c21-bf4a-cdb478e30786, 0.8048245614035088, 1
e7357cd9-a751-4971-9fdb-497c58858b5d, 0.8048245614035088, 0
ec8333b5-75da-40ef-a82c-57796f040bfb, 0.8048245614035088, 1
ef8a7ca1-8995-4b6a-b6ce-90f0ad52862e, 0.8048245614035088, 1
f325d6c6-9b2b-4ac9-a6c8-80b1663d51a1, 0.8048245614035088, 1
f3abf349-ea45-455e-8202-9bb480e430ce, 0.8048245614035088, 1
fd646767-f77f-497c-816a-c16b7413fd7a, 0.8048245614035088, 0
318c7f82-0598-4656-9452-b0c9b333d4ed, 0.7997076023391814, 1
31eaac8e-0c14-43ed-a7a6-c10f26339119, 0.7997076023391814, 0
368f9555-b3d3-4357-b3f1-4d62507762f4, 0.7997076023391814, 0
07e1721e-c0d4-487f-80ed-2ca8b55a18e2, 0.7982456140350878, 1
2542b8a9-3953-46b2-9fd9-79cb794450ef, 0.7982456140350878, 1
35893130-b79b-4934-97d7-0486e4abba45, 0.7982456140350878, 0
4dc3b1a4-7560-4724-9bb5-1fd6bd36f2d1, 0.7982456140350878, 1
53c0a2a1-421e-4a7d-bcb3-07ab0b475a42, 0.7982456140350878, 1
6927b7c4-b1d8-46ba-854e-28f45ee18943, 0.7982456140350878, 1
694d3a6c-a36f-492c-86c7-6ae69e53f604, 0.7982456140350878, 1
7603c29a-a0b0-4608-a85a-87eb16221a36, 0.7982456140350878, 1
77fd368f-3920-4249-9fe2-34c0e594ce3e, 0.7982456140350878, 1
8036a9ee-d46e-4b98-afa8-c1e503a5c5d9, 0.7982456140350878, 1
97f275f1-e61f-4456-928f-005f0f5dee6d, 0.7982456140350878, 1
98bf46da-975d-4457-8b39-0807be78dc6c, 0.7982456140350878, 1
a692bede-88d6-49cf-add6-acd527d969a6, 0.7982456140350878, 1
ba20732c-b950-4f97-869d-21a446cf587e, 0.7982456140350878, 1
bb9f716e-3317-4b1f-bf63-4a649b17c202, 0.7982456140350878, 0
bf928d86-8140-44cf-b3d2-1b4e9106a52c, 0.7982456140350878, 1
c2340586-0168-40ff-a6a1-cc0339ac3a7b, 0.7982456140350878, 1
c548fbf9-58d7-4eac-9f4f-d44b433317e5, 0.7982456140350878, 1
dbccfc5e-a2ad-46e0-be35-9127fad81aa6, 0.7982456140350878, 0
ee461185-841f-4100-946e-7f4fa76ef8aa, 0.7982456140350878, 0
0280d544-50fb-4339-98c4-4ed3c20b8a99, 0.7967836257309941, 1
030e4306-f90f-42ea-a8e0-7269c6e776b7, 0.7967836257309941, 1
0c996866-5742-4056-a428-55aa78f0cb4d, 0.7967836257309941, 1
0d7b4043-bab7-4f4b-accb-41c7f80880f1, 0.7967836257309941, 0
0f7132f1-a1ae-4b8d-8d3b-1875b770b0ab, 0.7967836257309941, 1
10853cbb-f6f1-416d-95bd-36729e8f1b97, 0.7967836257309941, 1
1fdcb21a-8951-4cd3-8cec-ebc20e7399df, 0.7967836257309941, 1
2f40796e-42fe-4466-8240-e43f5949b343, 0.7967836257309941, 1
3bca98d5-933b-4ffb-b23f-91d74fbf37af, 0.7967836257309941, 1
3e4013ca-cc43-449b-81b5-313b141b846e, 0.7967836257309941, 1
3f1046c6-e615-4eda-adc9-214c180b10fc, 0.7967836257309941, 0
3f1b4ba4-003b-4f1e-9874-72781f7841cb, 0.7967836257309941, 1
42b54802-8e6e-406a-b4c3-a8d9267c5f5a, 0.7967836257309941, 0
4c3ed1f5-32fe-4442-929d-cadb663b0bac, 0.7967836257309941, 1
54896f16-218b-4e5e-a897-ef32310f402d, 0.7967836257309941, 1
579ffdb2-02a1-439e-8955-8def1796a64b, 0.7967836257309941, 1
5b50727d-dacd-4158-aa5a-a31c0cc93d16, 0.7967836257309941, 1
5ef5681f-7c29-43ef-9beb-f55a7772bcd7, 0.7967836257309941, 1
65b22836-8d2b-4a43-947f-05643db784c1, 0.7967836257309941, 1
68bb7c35-b6b9-48f0-97e8-1a702eba3886, 0.7967836257309941, 1
6d4f6f8b-50fe-4761-a6ef-c1188bca727d, 0.7967836257309941, 1
72a7f144-729a-479b-a6e2-5c3e7c3bc0a4, 0.7967836257309941, 0
74833a00-4073-4d1b-854a-c028e8717cc6, 0.7967836257309941, 1
7c5088d2-3155-486f-b104-084cba00912f, 0.7967836257309941, 1
86cf137f-dc36-48f1-aa1e-61eb792bab72, 0.7967836257309941, 1
8b710258-a3ec-4315-873a-46f8eacc03cd, 0.7967836257309941, 1
90dd610e-778b-419b-8c0c-4fd5a0fc84d5, 0.7967836257309941, 1
91fb9bf6-c85f-4c68-a423-a893057c59fe, 0.7967836257309941, 1
950d3e40-9ea3-4d2c-94c5-3339fea7eba0, 0.7967836257309941, 1
aa3ca00c-2262-4161-9d04-8ae4841eecdd, 0.7967836257309941, 1
ac5ed80e-4de0-4b12-9972-94eadf5f11c9, 0.7967836257309941, 1
ad361f3d-74ef-4411-85b0-3b4b1fac8b0c, 0.7967836257309941, 1
b0763832-bf7a-4504-a823-2ae778aeb739, 0.7967836257309941, 1
b9772372-72b5-4831-80cc-a2b8985c90a4, 0.7967836257309941, 1
bcbd2a47-ccf2-437d-8edf-03138f90b7b9, 0.7967836257309941, 1
bd88ecda-5b9b-4775-bb30-cb239ba4c760, 0.7967836257309941, 1
c02f3be4-c6b6-461d-84b1-9a3751023b04, 0.7967836257309941, 1
c2a55d5f-ecda-4c13-a5cd-3b3130fdb263, 0.7967836257309941, 1
c4db0630-c0db-4d7a-95f8-940747c7e9ae, 0.7967836257309941, 0
c4feed02-6afa-4048-be02-ec584e2532ae, 0.7967836257309941, 1
c9de43ff-b6ee-4352-b02f-5cf0572d9309, 0.7967836257309941, 1
cdeabd00-1148-4714-a444-13364d4966c1, 0.7967836257309941, 1
de2ca3c9-f139-4b29-a610-58d9d47592b1, 0.7967836257309941, 1
df347160-f96a-4ae9-8bad-1a45b849a4db, 0.7967836257309941, 0
e0374ea7-405e-47c9-88db-0b8ea0836d38, 0.7967836257309941, 1
e282b2c1-6f3e-46df-9aff-4ef9d3d63f34, 0.7967836257309941, 1
e321cdb8-43a9-4edc-98e1-72df8348b84f, 0.7967836257309941, 0
ef4e946e-22cd-411c-bdc5-dfbc049ccafe, 0.7967836257309941, 1
f6eeb5b6-5abb-447b-8efa-29a176075a06, 0.7967836257309941, 1
f6f7068b-aca4-4449-846c-49e91b5f6130, 0.7967836257309941, 1
fa4474a8-df24-498f-aa75-dbff56436212, 0.7967836257309941, 1
7288ed40-ecac-4e95-abd3-e1032f7373a5, 0.7945906432748538, 0
e4e64046-cc20-40c0-8794-e0528954a8b5, 0.7945906432748538, 0
fe2e00b8-3d51-4f26-811f-c67b3bcb920e, 0.7945906432748538, 0
0806cf0e-79bd-401d-bf5d-fc6bbb96efcb, 0.7931286549707603, 0
acfe9f24-dec3-4c1c-8d1b-6eebaecea804, 0.7931286549707603, 0
169c1372-87c9-4f59-bb6c-6bcd32cb2d92, 0.7916666666666667, 0
3a539262-0fe6-4388-9733-7f90d0b42618, 0.7916666666666667, 0
4e697015-1a72-4749-9b60-68125e3c32f8, 0.7916666666666667, 0
5bdaabc7-cb15-408e-9044-3742f0f88c50, 0.7916666666666667, 1
765dfe9a-89a4-43a1-a012-f5c691d52677, 0.7916666666666667, 0
8924d133-559d-4bb5-a90b-ca9cf28f959d, 0.7916666666666667, 1
90e1b8ca-067f-45ff-9ed2-94938f851147, 0.7916666666666667, 1
c3140801-f4f9-4d2c-b355-7a3f5c26323e, 0.7916666666666667, 0
c759f8eb-8a5d-403a-89b8-9f4e0e0ee55b, 0.7916666666666667, 1
e451516a-56fc-44b6-b5ad-c96024734260, 0.7916666666666667, 1
e4855773-ac89-4e0f-9907-628c61646f8d, 0.7916666666666667, 0
f27b9f44-3801-432d-8d5f-210bc183cbe8, 0.7916666666666667, 1
f9bfff14-c48e-4fde-85d2-3dca0f6ebff8, 0.7916666666666667, 1
027e567a-2c99-4a8d-84ff-b89ed876e6e1, 0.7902046783625731, 1
0ce6f5e9-370f-4d06-94b0-0254164e6107, 0.7902046783625731, 1
128b684b-5c40-404f-a1fd-2ab229a8dbe0, 0.7902046783625731, 1
13a2f4ed-5e67-43e3-9b3b-98bf9884cac7, 0.7902046783625731, 1
1acf7573-0374-4b3e-a281-affae2974cde, 0.7902046783625731, 0
264a86cf-653c-456a-a9fe-58b607d912b8, 0.7902046783625731, 1
266696d5-9a0e-4666-929c-256cceb40458, 0.7902046783625731, 0
273145d5-29fc-4d76-8f46-82c009fe1b3c, 0.7902046783625731, 1
2a8d0a15-2e49-4b75-9bf1-c4692afe0a50, 0.7902046783625731, 1
32d58a18-6693-4d81-9423-309530f8a464, 0.7902046783625731, 0
47b39c52-3838-4f34-8f45-74e3ea143674, 0.7902046783625731, 1
4f430c1d-0d99-483c-811c-af34790d763d, 0.7902046783625731, 1
5d2f92e2-1301-4ddf-a0de-1b43112e4627, 0.7902046783625731, 1
64b0e698-1cf9-4138-bf0f-4ba292a31f2c, 0.7902046783625731, 1
7bb18095-a76e-4aa4-88ae-e98f4b98b8a3, 0.7902046783625731, 1
886d8bc5-1a1f-4d32-b5e2-6f88a9285fa6, 0.7902046783625731, 1
8b6524b2-e25e-4e38-bf82-67964a80524c, 0.7902046783625731, 1
8d2df0ef-6a9b-4792-ba53-e93912e11d91, 0.7902046783625731, 1
8f37b5fb-1350-48ef-90f4-af2cd853ef6c, 0.7902046783625731, 1
92e5076d-37ce-4e84-a216-d4d8aafd6239, 0.7902046783625731, 1
a64a7373-4907-4568-b7fb-41407b2d4cf4, 0.7902046783625731, 0
b3821ee9-d805-4c98-af0e-e68488ea2574, 0.7902046783625731, 1
bb82eaed-cfd8-4b14-9ba6-79c8f23a9b00, 0.7902046783625731, 1
c31fb0a1-b282-4c1e-a4c5-e57c3daedeb0, 0.7902046783625731, 1
d0e61c16-3325-4a95-bbfb-c8aae86a7736, 0.7902046783625731, 1
d2c39ef2-c8d0-4a20-b9d4-bfa9a0e0d072, 0.7902046783625731, 1
daa89a7c-4bc3-4558-8abc-94d8ec6a453d, 0.7902046783625731, 1
e1724b1e-b8df-4df1-a2b9-9ebe1cafe9d1, 0.7902046783625731, 1
e40fe471-3f76-4586-87f7-5b7d75cb58b8, 0.7902046783625731, 1
f36d7a5f-a7c7-4932-9ded-3dcd416c7605, 0.7902046783625731, 1
151f06ec-ba7c-4bd2-9974-35b5886800be, 0.7865497076023392, 0
fa26f48a-817f-429d-a83f-68e099d4d0bd, 0.7865497076023392, 0
07e3f405-27d5-402c-8d34-0dff513a5c19, 0.7850877192982457, 0
11ebe487-f77c-4f98-9a26-75f066906afb, 0.7850877192982457, 0
1284d0f9-e42a-4f48-9dce-7467e8ff1e03, 0.7850877192982457, 0
1740ed93-9ffd-4e15-a558-e8eccd47acc0, 0.7850877192982457, 1
1f8be26d-8795-4e75-bdaa-bda31e6b6b02, 0.7850877192982457, 1
2403dcf5-8996-4f3a-bbc5-ac9e4d42ef55, 0.7850877192982457, 0
71c39034-d711-4fc4-b578-aa00d2028d89, 0.7850877192982457, 1
8fdfc41c-fece-4bc2-ace7-e1bb5b1ab3ed, 0.7850877192982457, 1
b2b2402d-7ad6-4d3d-9957-c3b2b3d1a4ac, 0.7850877192982457, 1
b71ed86e-65b2-4652-bdfd-0322c69cfc86, 0.7850877192982457, 0
e603f5b3-6b3f-4511-8aed-260f1d09a2c6, 0.7850877192982457, 1
f29e5e55-bf48-479d-a95d-a5cd00620ada, 0.7850877192982457, 0
05cdd069-7529-4f53-8cec-be9cc9f97844, 0.7836257309941521, 1
08fadfa4-06a0-4251-8ec5-712a8a463a0c, 0.7836257309941521, 1
09c684a4-56af-4d65-888f-bf93b5fa4462, 0.7836257309941521, 1
17c7aa6c-d4f1-41bc-ae9d-b2811fa7e6e9, 0.7836257309941521, 1
28b9d913-2eb4-489d-aff1-5133e8533cf0, 0.7836257309941521, 1
2d645f42-8814-4dd5-80d3-1b9ceb41887e, 0.7836257309941521, 1
33000bd4-cce9-4629-99a6-4c09db59d093, 0.7836257309941521, 1
35178794-267c-4fbe-b31b-6d41216ab265, 0.7836257309941521, 1
3721a520-2e9e-4c54-a942-9f67c40b9c37, 0.7836257309941521, 1
3ee6b8dd-b779-4c43-90af-cae79388952a, 0.7836257309941521, 1
4ae11efb-6884-4d07-b83e-10b35cd51ff3, 0.7836257309941521, 1
50182548-c4f1-4795-938f-8f80acbdfe21, 0.7836257309941521, 1
50d4591e-22d6-49a2-ad63-31e43991a62f, 0.7836257309941521, 1
5a012834-f5d3-4e0b-ae40-47ada1c679dc, 0.7836257309941521, 1
6a5f1bb1-246e-4c0c-a4ea-8af2a9427491, 0.7836257309941521, 1
710ee025-d824-4104-8d86-6bc766903d24, 0.7836257309941521, 1
77bb3d65-bd91-42e4-b547-078187d7cecc, 0.7836257309941521, 1
8502e200-499b-416c-9525-1c17a0250232, 0.7836257309941521, 0
89fa8b82-d5c6-476e-ac2c-1146effd0028, 0.7836257309941521, 1
97aa7f71-7dec-4daf-aed3-5507c74db37a, 0.7836257309941521, 1
9b03f069-a496-4de9-bad3-6465008e36aa, 0.7836257309941521, 1
9d8977d4-f093-4cfc-b095-6d6ffa70e524, 0.7836257309941521, 1
9ef5c7b0-ac33-4c00-afb4-1984d6e1a0bc, 0.7836257309941521, 1
a27777c2-2749-440e-91cf-c7f66cfac96b, 0.7836257309941521, 1
cc0b2069-aa53-4087-b2ba-de067e9a8bb4, 0.7836257309941521, 1
db3588f8-a2dc-44b6-a8a3-58f49b65bb5d, 0.7836257309941521, 1
ee79ecdf-1fd3-4991-b61f-dfdc9978d007, 0.7836257309941521, 1
efa82a45-33ed-4514-a789-9b1561bd8b3a, 0.7836257309941521, 1
fb138ed5-8fdd-486d-aa1b-f02ffb901131, 0.7836257309941521, 0
fe1982b6-4197-414b-9769-6231d6720588, 0.7836257309941521, 0
179d99db-51ad-4a0d-becb-a1a9de368bc0, 0.7799707602339182, 1
09893ab9-07a0-43dd-b4d4-38590b0c5ffc, 0.7785087719298246, 0
1585c6f8-b5a1-4a27-910b-5a93f950201a, 0.7785087719298246, 0
17c29ee6-0ca8-4de8-8477-318c9ec9a063, 0.7785087719298246, 0
21079358-6199-4f09-a8c0-b4ed0b5322ac, 0.7785087719298246, 0
a709218c-da97-4c89-8fab-744f68d47ea2, 0.7785087719298246, 1
a797ebdb-1f39-4132-a5a0-fefa8a3ee078, 0.7785087719298246, 1
b1ff5039-c015-47cb-ab16-e1330a8323fa, 0.7785087719298246, 0
c553516e-5300-4dad-aee1-cc529cbb99cb, 0.7785087719298246, 1
e281be71-39c1-484f-9a5e-7d6c50f1cbc6, 0.7785087719298246, 0
257f3ee4-6d47-453a-bc8d-564602ad7059, 0.7770467836257311, 1
3f3aef5c-9b2c-4041-983b-9e47da0cb436, 0.7770467836257311, 1
427df68a-1b47-4a88-9ae9-e017c84e8a0a, 0.7770467836257311, 0
80679a8b-f006-4661-b745-978b278643cb, 0.7770467836257311, 1
833b8dbe-3e72-40ee-ac51-da342dc79db2, 0.7770467836257311, 1
918973c9-4178-489b-bb56-2ea109e0da07, 0.7770467836257311, 0
92d6af85-a034-4c5a-bd02-8772dfe55822, 0.7770467836257311, 1
98ffe56a-09c4-4622-80d9-227cde71b652, 0.7770467836257311, 1
9db10d02-2c40-43a3-886a-b29edf00a068, 0.7770467836257311, 0
a366b15f-4a73-477d-9e41-52399571b380, 0.7770467836257311, 1
a4e90e05-b901-404e-a456-0d3b6067e710, 0.7770467836257311, 0
a532bea6-152a-4bc4-acd0-a6a5ae46b7cd, 0.7770467836257311, 0
a688c128-8647-4828-9f65-cc91dc33386e, 0.7770467836257311, 0
ae094640-4bcf-4698-b4eb-7777c1c844d1, 0.7770467836257311, 0
b1fbc946-e908-4918-84b1-522ed980f9f8, 0.7770467836257311, 1
ba8ee543-62d2-4e75-bca7-fa1f63a60e70, 0.7770467836257311, 1
bcfa9898-7828-4044-af79-24d91510a87b, 0.7770467836257311, 1
bd4455e1-c928-4c29-91fc-0954c2af1f0f, 0.7770467836257311, 1
be17b934-b989-4175-849d-5dc1c21a9a6d, 0.7770467836257311, 0
cf82fbd0-525a-47fa-bf38-0f4fbc034418, 0.7770467836257311, 1
d45bc52e-dba3-4ec0-b5ab-181d670a7536, 0.7770467836257311, 1
ec30daa5-7463-4060-ab29-4b416bc731ce, 0.7770467836257311, 0
f3a874c9-6120-4904-8072-ea7591e938bb, 0.7770467836257311, 1
f7181088-49a7-45dd-80ce-37eee3c496e0, 0.7770467836257311, 1
8f805d5b-f0ee-4e59-8222-ccba570a5841, 0.7733918128654971, 1
f0d5ebe5-0612-42b4-a18e-37d126aa7497, 0.7733918128654971, 0
3af11952-64da-45b2-acf0-08595f193712, 0.7719298245614036, 0
3d0769ed-aeaa-42cd-a1ee-e42ab9691a70, 0.7719298245614036, 1
d1af9214-af60-47d8-be2c-74c016f5de1e, 0.7719298245614036, 1
e4affde2-91c8-40a2-be50-e6b02209bf12, 0.7719298245614036, 0
fcc34a77-d4b5-43d3-9223-cae01dc898b9, 0.7719298245614036, 1
097f1469-2887-4854-be1e-fe950dc48188, 0.77046783625731, 0
37e17738-5b6d-4e82-8710-f871e55e267c, 0.77046783625731, 0
52f230f4-37ff-41e7-8bae-32b60a3e7eae, 0.77046783625731, 1
542b6a88-5966-4a04-b1e0-c1cad81ec934, 0.77046783625731, 1
58634d76-c6de-495b-90fa-c0a77f6b264b, 0.77046783625731, 1
70374f65-2648-4570-af21-7bc834d09232, 0.77046783625731, 1
9d7a2c2b-7314-41de-b009-5cbaf99600e0, 0.77046783625731, 0
b9038afa-e5a3-4c62-93e9-4bf14233f21b, 0.77046783625731, 0
cbb9210b-a85a-4eb7-9372-fc44437ead0c, 0.77046783625731, 1
d31eaee3-4325-48d8-b80a-5b33d4ef421b, 0.77046783625731, 1
e9ef20e3-f157-4971-8f6a-59e1a302c486, 0.77046783625731, 1
04194302-2e8e-4bc2-86b7-ae6666608304, 0.7690058479532165, 1
0668cab3-4603-4501-8b96-e3ff52f05dfc, 0.7690058479532165, 1
0740a6d0-7904-436e-9f04-196a488a9967, 0.7690058479532165, 1
077337ff-ad0a-4991-b05c-6e5fb0f86ac8, 0.7690058479532165, 1
0845d991-fefc-4154-bead-034d350e74d1, 0.7690058479532165, 1
08b4b924-31e3-4ca4-aabd-66e0b39e709c, 0.7690058479532165, 1
0930d8df-22da-4139-85d8-fe98fc9f2915, 0.7690058479532165, 1
0c59b190-03e2-43f0-b851-f5831e3e1f35, 0.7690058479532165, 1
0e751a03-20b8-47bf-99a5-cd8c91ed0048, 0.7690058479532165, 1
0fc9d2f8-7133-40b4-9bbc-7cdd399bdeb5, 0.7690058479532165, 1
133e2377-cff1-400e-9f53-433a0f7aecaa, 0.7690058479532165, 1
1521a9d3-d49b-4168-acc4-e0768025881b, 0.7690058479532165, 1
1549885a-ac68-44a5-be30-39bb5fce66ef, 0.7690058479532165, 1
156c8431-f550-42c9-982a-5a82d2b7d865, 0.7690058479532165, 1
1989a025-cca2-4b9f-8b60-302bccf958a6, 0.7690058479532165, 0
1bb975fb-0fc3-49d8-ba86-22ffcb6bd504, 0.7690058479532165, 1
1ca9e2ab-0851-4233-8005-fe4c928628b8, 0.7690058479532165, 1
219ff45a-ab89-49c8-9fbe-965887b3d9d8, 0.7690058479532165, 1
2208536e-501e-496a-b3e3-378241b3fc59, 0.7690058479532165, 1
223f06be-c66f-4824-88d9-dc7d72a4d3bf, 0.7690058479532165, 1
24025007-564a-442b-a02f-28d104b3e9ed, 0.7690058479532165, 1
258e9c74-8ee3-4bb5-ae05-c09ab1f102ac, 0.7690058479532165, 1
263a4e2a-2a1c-4bf7-b4d3-857d60fe5634, 0.7690058479532165, 1
2884a202-71f8-405b-b965-5b6d24785e15, 0.7690058479532165, 1
2c14f636-750a-4ea5-b593-276261c179c8, 0.7690058479532165, 1
2e3e0c3c-7bb0-4356-9098-234c77470e09, 0.7690058479532165, 1
31cb313e-4da5-4ec6-89f7-7e518bd9b042, 0.7690058479532165, 1
347dd7b7-9d25-4f1b-a890-3f7b0e93cedd, 0.7690058479532165, 0
354f7162-709e-46ce-ab4f-690802b8c81b, 0.7690058479532165, 1
3899cdc8-ad30-4f30-98cb-f117911efe03, 0.7690058479532165, 1
3dc5ac1e-ff3d-4a61-b57d-db45250ab5f4, 0.7690058479532165, 1
42e78bc1-30ab-4c19-94d9-178e5d557a68, 0.7690058479532165, 1
430fb98b-a824-4568-9cb7-9656470f8710, 0.7690058479532165, 1
444cb91e-8c91-4700-9448-e338bc45dbe7, 0.7690058479532165, 1
47d61eb0-f39e-4137-8336-b72382ec8dd1, 0.7690058479532165, 1
4b82e1a4-b298-4397-b322-82839216b748, 0.7690058479532165, 1
4de442f0-2d33-4496-91ff-d34f11381e1b, 0.7690058479532165, 1
54f83cb2-10ee-4acf-961f-96098b60e2c0, 0.7690058479532165, 1
583623eb-0ae4-4962-8a80-3049a65d688c, 0.7690058479532165, 1
5abfe508-484d-49f9-be7b-8346450af5cc, 0.7690058479532165, 1
5b0cc34e-1470-4c44-9d6c-63ea16d66588, 0.7690058479532165, 2
5df97a5d-bb0c-4c49-b47f-085f013becee, 0.7690058479532165, 2
5e578eec-5242-439c-8ea3-bba83692de3e, 0.7690058479532165, 1
5fcb7708-0f0a-42d8-8b96-396603b5883b, 0.7690058479532165, 2
633fd74c-a4b5-49cb-a721-40b1bd42db8c, 0.7690058479532165, 2
66f2e368-bfa4-4af3-aa73-ebab4286db7e, 0.7690058479532165, 2
6726482a-5326-47e8-a7c3-abbcd1f3d621, 0.7690058479532165, 1
6a75b7cc-536d-491c-9bbd-9b6dadb46a04, 0.7690058479532165, 1
6a8a8237-169d-4526-b157-9048994665e7, 0.7690058479532165, 1
6b8c4cb7-9d63-40dc-a3bb-b1819e2ccf2f, 0.7690058479532165, 1
6e239387-4e92-4923-ba90-1088ed53ee00, 0.7690058479532165, 2
7121ddae-e79a-46b1-95cc-f93262658a6d, 0.7690058479532165, 1
72673b5c-4b6d-4960-a486-881cd3c0afcc, 0.7690058479532165, 1
73893ff4-cb19-42f4-bade-7ef716cac722, 0.7690058479532165, 1
74014a87-5725-4bd3-b21d-a19c6aa27af5, 0.7690058479532165, 1
7675829f-8dae-42ce-bcb9-33b219b0eb1a, 0.7690058479532165, 2
784d305f-e6a1-4d30-a580-de8886cfe427, 0.7690058479532165, 1
7a211b41-bbce-4cc9-8e0e-195fb49385ac, 0.7690058479532165, 1
7fb40b66-aced-4cff-9ca8-8dc17c8f62b0, 0.7690058479532165, 1
82c455ee-f19f-460f-89b8-f95a0ea0086e, 0.7690058479532165, 1
84b9651a-7a37-4fe8-9ee8-2a19dcb6dad7, 0.7690058479532165, 1
85476b11-43f6-4e34-b589-5408c9a5ab8d, 0.7690058479532165, 2
85de5257-5570-4adf-83c5-b5c75cd4b7c0, 0.7690058479532165, 2
8620b6c0-c2d0-4a76-80df-4a21bcfba310, 0.7690058479532165, 1
8c7f5f38-0006-464a-aee2-805311e77327, 0.7690058479532165, 2
8f15a849-4387-47c5-9117-f1edb6c7f689, 0.7690058479532165, 1
9015d3ae-ad0d-46bb-91ab-2fb86fa62446, 0.7690058479532165, 2
909ce0c1-21d5-445a-abb3-3bc7ba3aeb75, 0.7690058479532165, 1
91a601ad-c757-48de-b16d-1c419c4a2789, 0.7690058479532165, 1
930e834a-8bb8-4149-bdc4-a1985eb7fd86, 0.7690058479532165, 1
9345c08f-6c56-42bb-ba75-743075eb5361, 0.7690058479532165, 2
93eca882-7298-4620-a014-fccdb5c78603, 0.7690058479532165, 2
9cba0bb9-4343-48a4-9501-a1795bdc78e1, 0.7690058479532165, 1
9d539341-3067-4d32-abef-ddc03447d841, 0.7690058479532165, 2
9d8370f9-0327-43fb-b395-8781d547fc50, 0.7690058479532165, 0
9e0ce6e5-cbcd-4fc3-82ee-8752d0ed506e, 0.7690058479532165, 1
9e3b333b-ee2a-4869-a483-7a6a93402fa6, 0.7690058479532165, 1
9fbccbf1-6f96-4b32-a2fc-9b41852e7ddd, 0.7690058479532165, 1
a0eb2b8f-c4d9-47f0-9e7b-974ddab69274, 0.7690058479532165, 1
a11bdce7-0bb7-4c82-9fc8-120da67e97b1, 0.7690058479532165, 1
a142d34d-45a9-4759-bd79-20edfc58821c, 0.7690058479532165, 1
a197138d-c977-40db-b312-ee474003b2d7, 0.7690058479532165, 2
a7461188-233f-4dd9-a11b-ee1c1fb6bf51, 0.7690058479532165, 1
aa779fb9-0ada-4e2c-81fa-577d37949451, 0.7690058479532165, 1
aa7dcf9e-a642-4607-879a-6d6172a26b59, 0.7690058479532165, 1
ac36c2ad-6645-4e3a-9d07-08739df8dd85, 0.7690058479532165, 0
ad4d2ccc-ccb4-479a-b82a-846c9658e95a, 0.7690058479532165, 2
af244ad4-4578-4c5f-a21c-3671df1d5683, 0.7690058479532165, 2
af5bcc38-02be-49cf-b130-0ed0115e1ea5, 0.7690058479532165, 1
b08beb16-a8cd-45ca-a878-626857e465d6, 0.7690058479532165, 2
b4a86e5a-e557-440a-a159-2e09f30de758, 0.7690058479532165, 1
b6f7a8de-c00b-4c0e-b196-50b1d4b793a5, 0.7690058479532165, 1
bd1fe506-1506-4ceb-b20c-6daf522abc17, 0.7690058479532165, 1
bd5f1761-06ad-44ee-bd87-4fb36b73bf3c, 0.7690058479532165, 1
be6e4967-054c-4600-bce7-f6a2166d4d9e, 0.7690058479532165, 1
beb582a2-d2a4-4d7c-916f-375b8b203c0b, 0.7690058479532165, 2
bf78dc1c-462b-491d-90e4-9b62e65602fb, 0.7690058479532165, 1
c0a15c92-42b1-4142-804f-43afbb0a9a94, 0.7690058479532165, 1
c0dca6d7-7f34-4176-81ac-9bd82170d5a3, 0.7690058479532165, 2
c34577da-1087-4c9b-9ec1-a42ae9f0558c, 0.7690058479532165, 1
c8720724-f04b-45e3-b855-56f610d470ef, 0.7690058479532165, 1
c94a463a-0f48-4ecd-94dd-884786b292d4, 0.7690058479532165, 1
ca6c31ee-2729-44f5-b076-085b5cf4d83c, 0.7690058479532165, 1
ca76139a-2458-47e5-88b3-6ba98611e7fb, 0.7690058479532165, 2
cebce73d-c112-46db-8657-2db5c4e95cdf, 0.7690058479532165, 1
d2b9bce6-7dc7-40b4-9e76-78e7cf988dfb, 0.7690058479532165, 1
d33451fb-c99b-4a35-9aca-dead6cd8d469, 0.7690058479532165, 2
d492ffa8-484d-4a15-bd5b-01fb6efb96dd, 0.7690058479532165, 1
dfa8fc85-d7f7-4b86-9799-3dd2e154a0db, 0.7690058479532165, 1
e25c3548-0486-4473-8152-cf4ec23373fe, 0.7690058479532165, 1
e61bd69d-8149-486d-96e8-bb0d8e311dcb, 0.7690058479532165, 1
e61d53ad-59d0-4fe3-a07c-606f2aeeeee2, 0.7690058479532165, 1
ea5381d8-0ae7-4694-b3a5-75a0e2827b78, 0.7690058479532165, 1
ea7bc9b4-ab78-4f93-92a8-96656904d890, 0.7690058479532165, 1
ea8096c9-ba27-41d1-87ce-161360ed07e0, 0.7690058479532165, 1
ed6a4a8f-e33b-435f-86d0-c4b8e5ff3a80, 0.7690058479532165, 1
ee194a6f-d9c9-4447-8a20-5a755bf6485f, 0.7690058479532165, 1
efded863-37ab-49ea-b906-ea0de387742a, 0.7690058479532165, 2
f4171a9b-db55-4448-a188-f9292ed6dfd1, 0.7690058479532165, 1
fb6bcfbc-51aa-4fa4-992e-2e90cb25a693, 0.7690058479532165, 1
fb94f4d0-db65-423c-8cd4-073fbbb0a05b, 0.7690058479532165, 1
fc018d4c-f4bd-467e-802d-bc1e313a2ed1, 0.7690058479532165, 1
fcd26f22-adb8-4f2d-a9b0-284b00007a92, 0.7690058479532165, 1
fdefc5bc-6103-4ed8-9499-59cfc7e58e8e, 0.7690058479532165, 1
fe6a3db1-4c34-4356-9ca6-379f00363870, 0.7690058479532165, 1
90fd01ef-03a0-49ca-b93f-4c76cf11bbdb, 0.7682748538011697, 1
cb819287-551b-4861-8604-2631dc78af16, 0.7668128654970761, 0
54c07fd2-8e96-4a3e-a958-3fe47223691b, 0.7653508771929824, 0
b703db8d-5721-4166-a5c9-ee513e0c1be7, 0.7653508771929824, 1
0bf9b0bb-480c-4d80-8e92-a1c6764091f7, 0.763888888888889, 1
1de9e838-7460-43c9-81fd-1c9b3f26bad9, 0.763888888888889, 1
2dd1da73-adb8-4f90-8228-9cf97375404e, 0.763888888888889, 1
34295433-290b-4b2f-96f0-7cf9d6caab54, 0.763888888888889, 1
3f6106d5-cde2-4779-a75d-4d9d06898aeb, 0.763888888888889, 0
64f2c4bf-3a23-4c28-af85-bb706690ad2c, 0.763888888888889, 1
968c6147-0674-4615-b167-e12c5eb91f0c, 0.763888888888889, 1
9a1b0147-72d7-4504-b827-c7e607204e6c, 0.763888888888889, 1
a9a4d367-603b-4e0b-8d74-b5c422416bc4, 0.763888888888889, 1
ac165753-9f9f-422e-b41e-1f9882ba2eee, 0.763888888888889, 1
becf0f2d-ec80-4b3c-8691-e0f45db9f6f4, 0.763888888888889, 1
cdf239ec-d24f-4b14-9111-a5699e562aea, 0.763888888888889, 1
d542d0c8-f7cc-4d18-8158-215ca6707b84, 0.763888888888889, 1
d8d07178-4927-42c6-9c47-a0b56ca3de3d, 0.763888888888889, 1
ed22f123-1f9d-4f9f-aff6-de2a642c30dd, 0.763888888888889, 1
035202a2-8fa9-4d3b-841c-c9955061b50d, 0.7624269005847953, 2
075eee02-a925-4e0e-a354-cb8b05ad2d58, 0.7624269005847953, 1
07964176-67bb-47e9-acb4-4d57d00d3bed, 0.7624269005847953, 1
113f50bb-e60c-42a7-9d14-2b8038b1dbbe, 0.7624269005847953, 1
20e190b7-09be-4c29-a8d8-c77be0a837f6, 0.7624269005847953, 2
2134d5c3-ffd2-48cf-aace-acecb76e88b8, 0.7624269005847953, 1
2b15986c-a95d-4b02-a48a-5b3b0c053b38, 0.7624269005847953, 2
2fec7848-548d-4fb6-b689-4447b40d2eec, 0.7624269005847953, 1
30045674-23d0-4d3f-9c6a-c229420366ac, 0.7624269005847953, 1
34165a7b-1909-41cc-a3cc-fdc6b3911b47, 0.7624269005847953, 1
3b155588-9a0e-4988-845c-4d60736e70be, 0.7624269005847953, 1
3ba94753-24d4-407c-a116-f42f5e29b07d, 0.7624269005847953, 1
3e0b4c25-f11a-44de-b36f-257a176b0790, 0.7624269005847953, 0
3e3d9202-955c-4c0e-9529-14474dfda87f, 0.7624269005847953, 1
40cdb769-ce96-4711-a7c6-8a0d12841f84, 0.7624269005847953, 1
4a6b4d7c-450f-447a-b287-8336a45e7c0f, 0.7624269005847953, 2
4aee34f9-d426-4abf-81f5-a1ae26d786f7, 0.7624269005847953, 2
4d3a660c-d588-4b46-bb0b-61491177fab0, 0.7624269005847953, 1
533f1e5e-1fd2-45d2-9a97-1d91cbcbdd72, 0.7624269005847953, 0
590f2862-5df7-4be4-bdc4-94f2245b293b, 0.7624269005847953, 2
5d5e4b03-4827-426d-8e1e-73a290f07577, 0.7624269005847953, 1
685e238c-3062-4078-99e7-9bba3a1b6855, 0.7624269005847953, 1
691dc7aa-bce6-4a01-a3f0-78925f70f61e, 0.7624269005847953, 1
6ed51c92-de75-4f57-84f6-1cb1840d7e9a, 0.7624269005847953, 0
6fa1ddfe-0f0e-47ac-a3e4-36f59444a2f9, 0.7624269005847953, 2
7557e421-79f1-4b3d-96bd-84f76d8a206d, 0.7624269005847953, 1
79fe7c21-473a-4641-aca9-f3a9e927b037, 0.7624269005847953, 2
80b4d960-9b27-49e1-90af-48f662f77d5f, 0.7624269005847953, 1
843ebb9c-52b6-49bd-b3c0-7cf0ced85d03, 0.7624269005847953, 1
845c5bcd-5784-4c05-b4f8-e2abb6fe5ac2, 0.7624269005847953, 1
85abda33-2e80-4349-a2a8-47311fc136a0, 0.7624269005847953, 1
8870b5fc-ca43-443e-83b5-5814c89c82dc, 0.7624269005847953, 1
8f8b6624-c1e4-4827-9df4-3d7ed928b3eb, 0.7624269005847953, 0
95a43574-0965-4a0e-9903-c2ca435f7d93, 0.7624269005847953, 1
a1744c6c-90ad-4682-93d8-09016abea2cf, 0.7624269005847953, 1
a20230fc-d4e7-4158-a39a-95168f20d93f, 0.7624269005847953, 1
a576b4a8-c632-47e6-b6f8-f8b09ebddd77, 0.7624269005847953, 1
a7af604a-815d-47ad-bcc1-20f2a3d29b13, 0.7624269005847953, 1
abda8097-e3ea-4b3d-95ca-046fa31f7952, 0.7624269005847953, 1
acc688ef-e57a-482d-8311-f106166a4003, 0.7624269005847953, 1
aec5dafb-28bb-46e3-bf6b-7eaa1094d18b, 0.7624269005847953, 1
b5974df8-58a9-46fd-8a31-8b647b600ec1, 0.7624269005847953, 1
b5d73fe2-d8e7-49ab-ae87-8971f8e85886, 0.7624269005847953, 0
b9ace368-b589-49b8-81ad-079f5a63edfc, 0.7624269005847953, 1
bf6e1f5a-49fb-44be-be48-e1212789c393, 0.7624269005847953, 2
c4c68b8c-00d2-4b3e-be7f-48e1f697cc5f, 0.7624269005847953, 0
d0105488-1a9e-4bf7-92db-971e762b83a2, 0.7624269005847953, 1
d021e40d-6e60-4595-93f0-a0da2473e3eb, 0.7624269005847953, 1
d5df2c22-5a24-4baf-859f-29c0e24d1b3e, 0.7624269005847953, 1
d7536a1b-36d7-4433-b7d0-4719d9d297b2, 0.7624269005847953, 1
d8d23ea8-a83f-49bc-9115-94892d430ed8, 0.7624269005847953, 1
da5c6d52-484f-4a09-bac8-de7c4fb381a9, 0.7624269005847953, 1
daed882c-a457-4ff0-9bd9-be8c48356407, 0.7624269005847953, 1
de8052cc-c083-4d0e-abd8-f5a330bb0255, 0.7624269005847953, 1
e47a892d-b166-4d7b-b249-2c625f564946, 0.7624269005847953, 1
ea4a590e-ac1b-4016-87ef-4cb8f31ef8ed, 0.7624269005847953, 1
eabeefc8-04a2-4abc-b53a-31fb371dfb17, 0.7624269005847953, 1
f0e4bacc-30f1-457f-8ad7-ce1f85f9e02b, 0.7624269005847953, 1
f181c3e1-4add-49ff-9ddd-774ccdb3c026, 0.7624269005847953, 1
f227e496-50c3-4ee3-ac3f-38f4d97ca29c, 0.7624269005847953, 2
f91a0001-a836-45e2-b7ea-123d3352a410, 0.7624269005847953, 1
fb51fd0f-0f49-45b3-9eab-309828f16e9a, 0.7624269005847953, 1
fcb830b1-6980-41ad-aca7-69d4b8e7e11b, 0.7624269005847953, 1
fea2b36f-b109-406f-a44a-85ea098265bf, 0.7624269005847953, 1
b3ee894f-9852-4444-91af-5f8b197b2faf, 0.7616959064327486, 0
6f51b43f-a554-44a6-9e9b-168bc6fb2e2e, 0.7587719298245614, 0
89b5e757-17e1-4109-9158-1cea7d1551d5, 0.7587719298245614, 0
990f5935-4295-4e1a-acd5-42dc6064838f, 0.7587719298245614, 1
b922fdcb-59b1-4d47-9476-bb68f44143af, 0.7587719298245614, 1
d668aad5-7fa9-49d4-a8d8-039a9025a7cb, 0.7587719298245614, 0
00f7d36a-806a-4583-9b89-94d5dfb86e10, 0.7573099415204678, 0
511493b0-69f2-45a5-a9fc-38408e116a8b, 0.7573099415204678, 0
686cabdf-dca4-4ba3-9799-68582f9b0e19, 0.7573099415204678, 1
68da870d-00a8-4f13-8ef2-9ac6fa90657a, 0.7573099415204678, 0
8f5c1520-3d41-4148-b7fb-c62f46d3699b, 0.7573099415204678, 1
a34a4c03-7e56-422b-b33a-7f8a7cb2ec56, 0.7573099415204678, 0
bf67c8e0-f487-4024-ab54-d941f06927c8, 0.7573099415204678, 1
de6e7244-1645-446a-be6a-81395be0efa5, 0.7573099415204678, 1
fae8abeb-0cef-4bf3-9efc-dbd6a98a6c1f, 0.7573099415204678, 1
ff14d51d-f6bf-40ec-90e0-b17e3b66d638, 0.7573099415204678, 1
05713678-39a7-4f5a-ad9e-b8bbe8acde92, 0.7558479532163743, 1
0f1adab3-620e-4f98-8964-38013e539a43, 0.7558479532163743, 1
14e1fde7-aa7d-432d-8f45-880cf6408507, 0.7558479532163743, 1
1752c5f1-c64a-4ef4-841e-9b235da39dde, 0.7558479532163743, 1
233e116c-15b7-4724-9dc9-8acaf0b1f2ef, 0.7558479532163743, 0
273941f9-0a6f-4b7c-ab28-eacfc6e73643, 0.7558479532163743, 0
2c2dd13c-22bc-4a25-8783-3b87992c3c89, 0.7558479532163743, 2
38470569-1a5e-44f6-8b16-445cf81638cb, 0.7558479532163743, 1
4082960c-b5a3-4e2b-a884-6d57dafce14e, 0.7558479532163743, 1
413c60d8-b034-4165-82d1-793afd5428c1, 0.7558479532163743, 2
442beee3-be88-4f08-906c-c29cc61e0b55, 0.7558479532163743, 1
4853461c-fe3e-4cdd-b710-163fd21ec026, 0.7558479532163743, 1
5587404e-75f5-48b5-b8dc-6e14a4ca29b0, 0.7558479532163743, 1
581dd80b-3096-4866-b06c-aa29d94d39ef, 0.7558479532163743, 1
58406e42-ebf6-491e-a28f-b13ede36cf5f, 0.7558479532163743, 1
5afbc37a-a7b2-4036-a69c-a941be952626, 0.7558479532163743, 1
68c38fa9-959d-48ac-ad11-af85cde5c30c, 0.7558479532163743, 0
6d32dd4c-6f70-4d36-b2b5-04fdb477d9c5, 0.7558479532163743, 1
6e860850-ee5a-401c-a5a4-0f22cea96120, 0.7558479532163743, 1
76bc2f56-5577-478e-a81e-1c2e13278350, 0.7558479532163743, 1
76d5d510-b02d-450f-9438-caf93fc92e05, 0.7558479532163743, 1
8bffd175-7d87-4a93-8d6e-d008c41eedde, 0.7558479532163743, 0
9411e92d-1c1b-4a33-926d-4e5ce936c422, 0.7558479532163743, 0
95949cc5-c75b-481f-9b30-e312598ea3c6, 0.7558479532163743, 1
990ac020-245a-48fe-896c-7c5bcad31c09, 0.7558479532163743, 1
9e394673-4cb6-49df-bb72-59f812c88bf1, 0.7558479532163743, 1
a1e0a322-fa80-4dea-9120-51c24ecaed2e, 0.7558479532163743, 1
a4986ef3-0a6c-4f31-84d2-1b2726f05bee, 0.7558479532163743, 1
b00adef1-146f-4ed6-b3fe-9efc9d774227, 0.7558479532163743, 1
b4ce646c-18d0-48c0-aa59-97e75bfb7ab9, 0.7558479532163743, 1
b75b30a1-eb59-404e-9fc7-067e63b9ace2, 0.7558479532163743, 1
c67c8d20-65d2-4fc4-bc77-b982273ebb00, 0.7558479532163743, 0
cb26d1b0-5b99-41c0-88c0-b6861105b79c, 0.7558479532163743, 1
cb34d86d-6d9e-466f-9b7e-579bc98386e3, 0.7558479532163743, 1
ce06705f-b921-4b3a-901b-c4b4fa6d612e, 0.7558479532163743, 1
e11a32f7-a5be-4d5f-9d2b-a0462ed673c4, 0.7558479532163743, 1
e9ac744b-012d-4055-a804-efcc24ce0667, 0.7558479532163743, 1
f11a8081-7e65-4789-9bfc-feec4b02d9dc, 0.7558479532163743, 1
f592bf5a-a42f-4219-a236-0178a289b941, 0.7558479532163743, 1
f602512b-f943-463d-9986-550f830c4f9c, 0.7558479532163743, 2
fa224d5e-4369-4e42-976f-96a0caa9c7ea, 0.7558479532163743, 1
fdb67ef4-ee15-4d8f-a553-9a96082afebe, 0.7558479532163743, 1
08a50ea4-c45c-4dbb-adc8-cb2d2e5aed0d, 0.753654970760234, 0
71eea8b3-bf2d-4969-bbdb-69557658de79, 0.753654970760234, 0
0c0b127b-d807-4768-b557-6e8df68f5a3e, 0.7507309941520468, 1
437c426b-2128-40ae-bfcf-43283c7572a8, 0.7507309941520468, 0
5aaf466a-d9c8-47f4-ac20-9219fc9f720e, 0.7507309941520468, 1
5e8f45fb-70c3-49c9-a7ba-c4cbc5a4cde2, 0.7507309941520468, 0
702d8df3-d1d4-4a0a-9314-b2a71dc7ad26, 0.7507309941520468, 0
c73a68e0-8a68-4f3f-86be-5e17d6af6392, 0.7507309941520468, 1
d1b1c288-e1b4-4e98-b726-517d94cea87b, 0.7507309941520468, 1
d673cab3-1df1-4e5d-804e-cf69a8027300, 0.7507309941520468, 1
d8885323-d78d-4689-8c8f-9ccd6c8a6a5a, 0.7507309941520468, 1
ea476569-8c4a-4550-8c4a-68b698cdaab2, 0.7507309941520468, 1
fa95cb8b-d2cc-41bf-9139-c21437b4aa1f, 0.7507309941520468, 1
026c31d3-bf1b-4f80-b89a-cd41fe43423e, 0.7492690058479532, 1
0b745054-4d23-4e48-8a76-f1f677a0c461, 0.7492690058479532, 1
16a9fef9-d407-4beb-a7c8-2b3248106033, 0.7492690058479532, 1
19127361-cd92-4259-ae34-34ca3ebc162d, 0.7492690058479532, 0
1b8dacf1-6e12-40e2-bde2-b35eaeed4829, 0.7492690058479532, 1
234e4570-2010-4705-8d08-8c8d55cc428c, 0.7492690058479532, 1
30d7aa17-8ef8-4585-a895-45cc89630c8f, 0.7492690058479532, 1
3492a5f8-23da-4339-91bb-2212d657d19d, 0.7492690058479532, 1
477664c5-48d6-4d44-bbfc-03d379c798d1, 0.7492690058479532, 1
4cbb76e2-bf90-4a74-9341-7ec51fef9642, 0.7492690058479532, 1
52977aa3-b7c7-4184-8a2e-524aa9652399, 0.7492690058479532, 0
72a561c5-eaa8-44e8-8d2f-abaf63ff6a5b, 0.7492690058479532, 1
7304274e-634f-4046-8b89-994696e98c03, 0.7492690058479532, 0
7cb2a6e3-066a-47e0-859f-ad05dbeea161, 0.7492690058479532, 2
9cdff3d4-bc0a-4d9f-a3e1-2cf59143df99, 0.7492690058479532, 0
bfab4817-ceea-4560-88f8-939a32971be1, 0.7492690058479532, 1
c442df5e-3842-453b-84b1-90f8c6e4be98, 0.7492690058479532, 1
e08a08e1-07e0-4da3-9226-69b58355dded, 0.7492690058479532, 1
ea24a661-0541-4002-ab15-4c1b76466fd9, 0.7492690058479532, 1
fd127136-ccc4-438c-bd56-01183e3728ae, 0.7492690058479532, 1
fed98f67-54df-4c25-9d3d-2e744103355e, 0.7485380116959065, 0
6d0ddf07-48ab-49fa-8e8f-3e52661d7b0a, 0.7456140350877194, 0
77994abf-e69f-4c35-8db0-af608d7fbd4f, 0.7441520467836258, 0
c3d02734-b1bb-4b3f-b1cc-7b05e8804322, 0.7441520467836258, 1
c4206404-9d22-4878-8153-ef31cf22781a, 0.7441520467836258, 0
2a75d8ea-4af6-4570-bf00-efdf04661744, 0.7426900584795322, 1
2c7182d6-c650-40d0-9854-9e335971f07e, 0.7426900584795322, 1
3f91ae7b-ed03-412f-b44d-a7cc26e870fa, 0.7426900584795322, 1
45021218-fd0a-4c09-ab48-0ed8e0febe7a, 0.7426900584795322, 1
469cb2fe-101e-4d9e-88c5-2b3c5cbed4d9, 0.7426900584795322, 1
488f7c3f-0e41-40e7-a8cb-fa96584c1303, 0.7426900584795322, 1
6a4a746c-7653-4e0e-b844-f28742223833, 0.7426900584795322, 1
74069e88-13ec-4afe-b1e4-7148481356fd, 0.7426900584795322, 1
8fef4af0-b824-46bd-8ee0-1364261bace3, 0.7426900584795322, 1
93efbb43-d90b-4134-aacc-c51f2b9b1e81, 0.7426900584795322, 1
a6562844-cd37-4a3f-990f-d9d0cc0e9071, 0.7426900584795322, 1
b97b3f6f-77e7-48c1-ba59-85d0b0186149, 0.7426900584795322, 1
bb9b136c-52ad-467d-912d-e23651f5e650, 0.7426900584795322, 1
bdb312d9-5a83-4c8b-9129-b84d74e69673, 0.7426900584795322, 1
d0d11a8c-e44a-47ee-a5d3-089905e079b0, 0.7426900584795322, 1
d469166b-6a28-4e14-a134-45229260a94f, 0.7426900584795322, 1
f014ffd3-d22f-404e-bea5-4f5fe717d80c, 0.7426900584795322, 1
fa0fdf13-9241-401e-b07d-d2eb3aee78bc, 0.7426900584795322, 1
0f30b112-d7bb-40ef-bc5d-ea5604dec1f5, 0.7412280701754387, 1
125edfca-2cd7-4198-9b98-ae54b5e57f92, 0.7412280701754387, 2
18cdae52-2922-4a93-84fd-5e79afd5168c, 0.7412280701754387, 0
19e589d3-7085-4b84-b281-648378787c86, 0.7412280701754387, 1
205273f8-769a-4595-88e3-a06b6d7a4897, 0.7412280701754387, 1
23e87c3d-1422-4f78-9696-867daa996df1, 0.7412280701754387, 2
25e7046d-bf95-4aeb-8d83-60c7552855f7, 0.7412280701754387, 1
26e89b51-8b84-4ba9-a368-ec9e43d30f8e, 0.7412280701754387, 1
2a719683-5c55-4b5d-abaf-e4d5812dfdbe, 0.7412280701754387, 1
2b9fe686-6846-43be-9578-42afa1190cbe, 0.7412280701754387, 0
2dcdcf89-a70e-45cb-8822-338037eec747, 0.7412280701754387, 1
2e29d9ed-655c-4a02-9a3f-d5d475b87e90, 0.7412280701754387, 1
30fd7a78-1b82-4eb8-985f-921e16bdb898, 0.7412280701754387, 0
35055c9f-73e8-4350-910e-fe8f27d967ec, 0.7412280701754387, 1
385c89f2-6d38-4789-a765-38c340fedc9d, 0.7412280701754387, 1
38fea3e5-97a6-4d82-ae3c-b6c68c7d1a20, 0.7412280701754387, 2
3b047f48-2f6a-4322-b141-57dc4ed42bb4, 0.7412280701754387, 2
4104197e-fade-469d-9954-016a0407c58d, 0.7412280701754387, 1
462de70a-da98-4bab-8108-8ffee228b9e8, 0.7412280701754387, 1
4961b315-dd3b-4498-ba74-b242e8d1de88, 0.7412280701754387, 1
4e39f5d9-7648-493b-86c9-0f498f92fa6a, 0.7412280701754387, 1
4f97b3ae-3e44-4831-a85e-7176568869aa, 0.7412280701754387, 1
5076ba31-c136-471d-b5a1-c7e1e1141274, 0.7412280701754387, 1
51d5dad1-09f6-4130-929c-ab1bc6555f21, 0.7412280701754387, 1
55fb8791-bc7f-47f4-a8fa-42ccf880691c, 0.7412280701754387, 2
56ffe664-ca01-4a9c-bf3f-491e3e0b4bf1, 0.7412280701754387, 1
602dcb31-4ca6-462d-b600-e8ad9d45a824, 0.7412280701754387, 1
660267d6-c8f9-4ed1-9dd6-ee8e1c583a71, 0.7412280701754387, 1
678641d9-98a5-42fa-8ec3-6ea2e7af6c6e, 0.7412280701754387, 2
69a5ed54-74b5-47d4-b63d-03345f0c1276, 0.7412280701754387, 1
6b90874e-d54f-4d9e-a1b8-6b04802d4928, 0.7412280701754387, 2
7203a56e-40ae-4a36-9d66-77c6265c02e4, 0.7412280701754387, 1
73242e08-023d-4f01-ac53-c4983eb1c002, 0.7412280701754387, 1
76239669-7e3d-48d6-bb01-2a7d28e7e388, 0.7412280701754387, 2
78705dd0-5b8c-4d62-a5c3-9b1b7b02953d, 0.7412280701754387, 1
79d99917-3220-4dcc-b649-16f9b661e87b, 0.7412280701754387, 1
7d599652-bef3-4ea6-b24c-dc52ae305419, 0.7412280701754387, 1
886107b9-784e-40f4-9310-415c02c1304f, 0.7412280701754387, 1
8c47265e-df1d-4ec6-aa92-96df875ad428, 0.7412280701754387, 1
8db6591d-7893-4dcc-8fa7-17f817e1236c, 0.7412280701754387, 1
8f545fcc-d207-46ee-b2f8-ac3818c9ae2c, 0.7412280701754387, 1
9263fc10-3fb4-42b2-a106-c3fd2a94f994, 0.7412280701754387, 1
929d1718-30c6-465c-9e57-ae2bf558ccd5, 0.7412280701754387, 1
92a15033-fb8f-440f-9a1f-3aa2ba286c09, 0.7412280701754387, 1
98e22458-cb9b-4908-b88f-4a3f2db6b4e2, 0.7412280701754387, 1
9a1ff3ef-efbc-490a-94c9-f27293e6d961, 0.7412280701754387, 1
a05e955c-4881-41a4-9ce2-a2809296f179, 0.7412280701754387, 1
ab4a1c10-d900-424c-af1c-f91deed94a0e, 0.7412280701754387, 1
abd25438-f477-4bc4-8af1-94b84c42fba2, 0.7412280701754387, 1
ae06318a-a961-4a9c-a5d0-7703039c5dc3, 0.7412280701754387, 1
b3d2c363-ac6a-4691-ad81-694c146b47ce, 0.7412280701754387, 1
b4a6175d-41f3-43ef-aa0d-71049a2396f6, 0.7412280701754387, 1
b52122c4-e697-464e-ae61-31ac762d78f2, 0.7412280701754387, 1
b77ed72f-1611-48fd-b11c-9bd944e8eee9, 0.7412280701754387, 1
b7b4d3d2-ea1d-4b47-b84f-8c1f3c6a9304, 0.7412280701754387, 1
be0a0612-174a-43f2-bef3-36b6962ac942, 0.7412280701754387, 1
bebd93c2-8ed9-462c-b2ea-3783f72557fe, 0.7412280701754387, 1
c000e64e-23a6-4265-86ab-a78a85403608, 0.7412280701754387, 1
c1c9f017-e2e6-4be7-955b-403a3e54c3fb, 0.7412280701754387, 2
c97fd076-fe3e-4c63-95f6-b3f75d01dd4e, 0.7412280701754387, 1
cdbb7fca-01e4-4638-9e23-15fcf657f94b, 0.7412280701754387, 1
ce297d18-0e00-4d0a-966b-d731ab28c6b3, 0.7412280701754387, 1
ce2f24a9-b51b-400c-8000-e57af6d7272e, 0.7412280701754387, 1
cff52c6c-c725-4c85-927d-8c3cdcb7f18d, 0.7412280701754387, 1
d0c90398-499e-4b32-9d71-68cdf4aeb169, 0.7412280701754387, 1
d5d74aa4-726e-40d8-b477-670f127496a7, 0.7412280701754387, 1
d81f1ef9-2f60-4df3-9472-e6ad63eda539, 0.7412280701754387, 2
da32c200-9c80-449e-ab4b-1da585701ea4, 0.7412280701754387, 1
dab08904-e9b5-414d-b798-d7939674a6a2, 0.7412280701754387, 2
e020a58e-054e-42e4-a681-5e64001f1db8, 0.7412280701754387, 1
e3271f60-b44a-42e8-9196-4aa998ea0ac0, 0.7412280701754387, 1
efa5ccfc-1c8d-4767-bc75-c8451e904cf1, 0.7412280701754387, 1
f0bffa06-9e3e-470b-86da-2c21632a0f99, 0.7412280701754387, 1
f447f042-4137-46b4-ac3c-2c851b0ca33d, 0.7412280701754387, 1
f8a8ae00-6121-4d48-ba98-970aa4612c64, 0.7412280701754387, 1
f93af925-f165-4dbe-8289-d138e4ad07b5, 0.7412280701754387, 1
f973b074-7600-44ff-b281-cd50a3bb23df, 0.7412280701754387, 1
fb52c313-d85a-48bd-8201-97e43dc1c9c0, 0.7412280701754387, 1
ff2c4760-6071-44e9-8d3c-1fbc6a4fd001, 0.7412280701754387, 1
7fc26721-fa7a-4d8c-a8f2-97ddb5ffefa9, 0.7390350877192983, 1
9fae50be-a574-40df-8d47-8489cebbcc37, 0.7390350877192983, 0
f564391a-cad8-4b41-8d94-e574dba78fb2, 0.7390350877192983, 1
37d3d061-9bb6-4135-92a0-bf1496ce098b, 0.7375730994152048, 1
76ae5b4f-c213-49f9-854f-a182db0c260d, 0.7375730994152048, 0
c6692c84-b7bd-4070-93e5-0cbb26b7ed2a, 0.7375730994152048, 1
035e4c29-ec4f-4f6d-82c2-82a435f4c88a, 0.7361111111111112, 0
3dc6c79c-5ee0-414a-9a15-82cf65780300, 0.7361111111111112, 1
53d60a5d-b911-4a79-aa41-4260fa1c1988, 0.7361111111111112, 0
60a01962-3325-46f6-bda6-2bb1c3538cb6, 0.7361111111111112, 1
648c1bfb-e346-498e-9469-7e1dcc480593, 0.7361111111111112, 1
699a285d-0f2c-4a36-bd92-df3751b368b9, 0.7361111111111112, 1
72c7df4e-cb8a-4bf8-a35b-de2d2ca519bd, 0.7361111111111112, 1
7eb09dc0-8f7e-4411-b7f3-59cf6cad78a7, 0.7361111111111112, 1
8c24eb6a-abd9-4dbd-ae0f-177245ea1982, 0.7361111111111112, 1
fd4bb8df-d027-4dbc-834d-0e3f0bd4006c, 0.7361111111111112, 1
feda5640-3364-4784-8675-2660b8d418ef, 0.7361111111111112, 1
00b0851e-d540-4d32-9d1c-2e7419c6fcfe, 0.7346491228070176, 1
054254a4-9a4f-4b0b-afd1-16078e88afe0, 0.7346491228070176, 1
06a863cb-78be-429b-90d4-f51a8aac41e5, 0.7346491228070176, 1
06cb9749-6d35-47bf-ae24-6103e452476e, 0.7346491228070176, 0
08d8104e-7ecb-430d-94c4-0e2a4e47c5a0, 0.7346491228070176, 1
0c34da04-103f-46de-a567-6a7e191f3715, 0.7346491228070176, 1
1c42eed7-7872-40d9-ada0-15fe664c19bb, 0.7346491228070176, 1
1f1989dd-0124-4a5b-b847-03c98c96b987, 0.7346491228070176, 1
25dd44ee-cb7d-4766-bf89-db42c861c1bb, 0.7346491228070176, 1
26f390de-9c18-4e6a-b4d5-ebbeda7d1803, 0.7346491228070176, 0
2ef48834-5325-4747-ab9c-64e04b4979fc, 0.7346491228070176, 2
3888be66-34fd-4e0d-a810-4db393ae0b74, 0.7346491228070176, 1
3b2292b7-9e6e-4bee-b506-6240f44d4907, 0.7346491228070176, 1
3b8ad95d-4583-46eb-af60-12c5de1f34c8, 0.7346491228070176, 1
46e5476d-d469-45d2-87cc-b002e1515f6d, 0.7346491228070176, 1
479843f0-0224-4774-b06e-5f5ba2c82d27, 0.7346491228070176, 1
4a46223e-ede0-483c-af0e-bc4fb00650c9, 0.7346491228070176, 1
4d997415-506a-4461-bcc7-472468f5b1d2, 0.7346491228070176, 1
4de51cb1-6ed1-4ad9-b344-f223df7a32c6, 0.7346491228070176, 1
554ca32c-af50-4347-9b26-f6c000273b82, 0.7346491228070176, 1
6477fff0-8011-43d9-97bd-e1437ebf1e61, 0.7346491228070176, 0
6509f797-51df-4174-abe6-990507daf25c, 0.7346491228070176, 1
70859ad0-11a3-4d20-9ff1-666da548c48b, 0.7346491228070176, 1
711f6c97-5e6f-40ab-81ae-f059743c3f7e, 0.7346491228070176, 1
79b6fdfc-21b8-4606-bcd7-5f39383a19a6, 0.7346491228070176, 1
7dfc13f2-2db6-4230-9fd4-126cbe2927e5, 0.7346491228070176, 1
823f58b1-51da-4b2b-9483-7e59de455c22, 0.7346491228070176, 1
8d30a522-2725-4827-9f92-bd75ff6fe87e, 0.7346491228070176, 1
922bf4ff-8449-4f9f-9a93-b03acca46236, 0.7346491228070176, 1
9bc969e3-277d-4285-89d7-56779b6c9678, 0.7346491228070176, 2
9f25d352-be8f-43e0-977c-05bc14f13494, 0.7346491228070176, 1
adeaa831-35f5-40c5-a17d-43ac252b9c30, 0.7346491228070176, 1
ae6910dd-2668-43bd-809f-42b50e932d31, 0.7346491228070176, 1
af06ebbd-a9b1-42d4-8e88-ebb857c586e9, 0.7346491228070176, 2
b15a2ecf-bb98-4582-b3d2-8a6eac3dce1d, 0.7346491228070176, 2
b54595aa-fb2a-4052-b24d-d595a7ee0ca7, 0.7346491228070176, 1
b7a25ccc-b845-4901-a5fb-b8155b9e7f62, 0.7346491228070176, 1
c57e605a-5a3e-414e-b9c0-4c0e812b9d0c, 0.7346491228070176, 1
d2914881-16fd-4ba5-b705-c942e204adcf, 0.7346491228070176, 1
d39fb58a-c76c-4607-aef4-3618b858b97d, 0.7346491228070176, 2
d60f58ab-9975-4ddc-9fa1-6010a0dcce72, 0.7346491228070176, 1
d8cbf818-ecfe-48f2-865e-a9413fc29163, 0.7346491228070176, 1
e1e0eed5-7efb-4fc6-b555-3e98bb04c127, 0.7346491228070176, 1
e3b68098-c26e-4568-ac2e-724a06cba655, 0.7346491228070176, 1
e698e0e1-82b6-477e-8ad1-2ebc0b74143d, 0.7346491228070176, 1
e91f2b74-7083-414d-8a28-b4d2f55eefae, 0.7346491228070176, 1
eb4dc52f-5241-46e5-9876-8b0c02b514d3, 0.7346491228070176, 1
ee0f884c-7c72-48ff-896d-6a4c1b71de65, 0.7346491228070176, 1
eefa7a90-b621-4bc9-97be-f560249e2387, 0.7346491228070176, 2
f6f2fed1-a5af-4e51-acb2-a6864c71f8c1, 0.7346491228070176, 1
f9634a34-f3e8-4c5f-992a-a6ca72adbaca, 0.7346491228070176, 2
feb47d13-121e-4432-a87d-80a140cb1b4a, 0.7346491228070176, 1
ff62f3f0-fcf0-4847-9b44-26d5870fb40b, 0.7346491228070176, 1
926601a3-78e9-4f93-ac0d-7927cd55812a, 0.7324561403508772, 0
0cc539ac-037c-4d88-844e-1d60904f6e87, 0.7309941520467838, 0
6e9ae24d-a702-49e6-8726-0192dddf6d4c, 0.7309941520467838, 1
7759a6ed-6b9a-4106-b34e-c0c803d506e7, 0.7309941520467838, 0
7a410105-5e26-45f5-8392-2cc79d06aed3, 0.7309941520467838, 0
9083ea62-843f-4d69-8c1e-58effac491f9, 0.7309941520467838, 1
2e66b5a9-dc17-45ab-b810-7f56197f0cd3, 0.7295321637426901, 1
50414d99-6219-4c91-a0e5-d20dac7294d8, 0.7295321637426901, 1
6edb0c01-eab3-4e42-8ce6-ba8a574684b9, 0.7295321637426901, 1
9d11be94-993a-437c-b29d-c955a132ab91, 0.7295321637426901, 1
bd5b7b3f-37f3-43cb-910a-7d009b0ba45b, 0.7295321637426901, 1
cb7cf0eb-768b-44e9-a624-965da0568600, 0.7295321637426901, 1
f35892c9-8571-4f66-ba6d-563b0960c2ae, 0.7295321637426901, 1
01fe62a4-ca7e-44c0-913f-c349c465aaad, 0.7280701754385965, 1
04093b35-415f-4f76-b0a6-5c595da0b503, 0.7280701754385965, 1
18a51f2e-e4ae-4400-be49-0c0f4eb8b163, 0.7280701754385965, 1
1ac752b3-222f-4720-a4b5-68831c90613b, 0.7280701754385965, 1
1d074cf2-9484-4857-9140-c6c30ea297d4, 0.7280701754385965, 1
1d36bfb1-b347-4679-a66b-7f03dde35067, 0.7280701754385965, 1
1f2097ef-078b-4a2e-ba54-740117a479b2, 0.7280701754385965, 1
44b405af-debc-4f66-a669-0f65d3971265, 0.7280701754385965, 1
5039f8ba-9c02-467f-8ca0-fb400fc1516c, 0.7280701754385965, 1
5464e308-9603-4b6a-ae9c-9a56cdf221ad, 0.7280701754385965, 1
6a402206-e700-42de-9375-f97798679d70, 0.7280701754385965, 1
6dbdfa12-c1e7-4f27-aa90-1f9cfcbb4f1e, 0.7280701754385965, 1
73e2ad40-ae6d-4a90-82af-71e86147f373, 0.7280701754385965, 1
77c52f12-dc3e-4b2f-b625-78d8d46e997e, 0.7280701754385965, 1
790712a1-46f3-425a-b373-e3e6230f51f7, 0.7280701754385965, 1
7bfe6c7b-16c6-44b2-83e3-94f2224005b0, 0.7280701754385965, 1
7cf0c1ec-b8b1-4f25-b35f-119b60fd9206, 0.7280701754385965, 1
7e1926e8-d2bb-4ce0-9cb7-5ab91548d36e, 0.7280701754385965, 1
a0a1312f-08f3-447e-8d6c-f98ff4908394, 0.7280701754385965, 1
c458b3cd-0bfa-42b3-ab40-cdc8dca34cfa, 0.7280701754385965, 0
d3194e2e-18e0-43a0-b513-c7400bc48bcf, 0.7280701754385965, 1
e7e390e6-d9b0-45ae-a77f-fca31e2294a6, 0.7280701754385965, 1
f1658ea5-42d2-43dc-ab33-a7eb8d2255ac, 0.7280701754385965, 1
f51a15cd-3c59-4952-a8ad-77cd81a6e027, 0.7280701754385965, 1
08089cdf-094d-46f6-991a-65b067defc7a, 0.7273391812865497, 0
bf422e26-986c-4a9d-9d32-99f92e7e0e5f, 0.7244152046783626, 1
0ab64be3-056e-481b-9de9-2bd3f58dc6d9, 0.722953216374269, 0
29f561ee-3beb-4c4b-afe3-30348b53ff8d, 0.722953216374269, 1
3ed480ae-8013-4063-a097-0be25ed1519f, 0.722953216374269, 1
53826ed5-bfb6-4d7b-8d2b-3e26573477b5, 0.722953216374269, 1
f18e4627-b966-47b3-bee1-d81c04378dc3, 0.722953216374269, 0
0caa29c4-01d2-4a95-b172-fd14d56d066f, 0.7214912280701755, 1
22bc8687-66cd-49cf-8925-adf99ef4c71c, 0.7214912280701755, 1
330e7f13-8fd5-4ddb-82c5-6969fab046ad, 0.7214912280701755, 1
3826068f-141c-4ca6-8ac0-46c95948a5f8, 0.7214912280701755, 1
4aa62538-6200-4db4-844e-df1455647ab6, 0.7214912280701755, 1
4f055f18-7cad-477a-a51a-dc401a54a3fb, 0.7214912280701755, 1
5b915b09-3d8c-4585-9246-656752184a4e, 0.7214912280701755, 1
6797b011-f1bc-4a8d-b03a-b3a343e81b11, 0.7214912280701755, 1
73093ae6-7022-44b6-b49b-ea1ec3743eb8, 0.7214912280701755, 1
73906e9e-5828-4fea-b87d-bb6055bdb487, 0.7214912280701755, 1
823679c9-01aa-4980-9220-c9b5016b30e0, 0.7214912280701755, 1
8845036b-be46-45bf-9e9a-85e469c16606, 0.7214912280701755, 1
9244e77b-14d7-438f-a393-3e9f8d054375, 0.7214912280701755, 1
9d7f69dd-5492-4143-91c3-fd530c8da103, 0.7214912280701755, 1
b47a6353-d5a5-4db9-9b88-b6bf1d4f6978, 0.7214912280701755, 1
d398067d-210d-4b62-9eb4-804ff03b0a6a, 0.7214912280701755, 0
ec8d74d3-1bc4-4705-9cb1-3dcd015914a6, 0.7214912280701755, 1
f20ab128-bc6a-4caa-8966-c68a4078c70b, 0.7214912280701755, 1
f65721bd-6fd9-4764-ae8f-b1d03139c6ab, 0.7214912280701755, 1
fe6f5809-0c02-46a4-9e16-e71584e0715c, 0.7214912280701755, 1
64e4a3f6-814e-419b-b7c1-4fceefa14982, 0.7207602339181287, 0
986b525a-f80f-4f6b-ba8b-21b0f0da833f, 0.7207602339181287, 0
ec42cf96-f1fb-4555-9bb3-05fc494b1560, 0.7207602339181287, 0
25017e60-7563-4a51-9813-5831610e2bae, 0.7178362573099416, 0
931b8111-1600-472f-9192-2ea0bd19351c, 0.7178362573099416, 0
114cf993-4897-40c9-a290-a807c368c584, 0.716374269005848, 0
18a20168-d1a4-4ca9-994b-59c893b90c64, 0.716374269005848, 0
35e310b8-3c75-47a2-89c0-79ae45f5adf8, 0.716374269005848, 0
53a98300-211a-464d-92a4-fa3fe18bc479, 0.716374269005848, 0
5ed7c40f-4de7-40af-a1e5-e45dde3d52dc, 0.716374269005848, 0
6656b464-ab90-4086-b27a-059c02913f35, 0.716374269005848, 1
b42c6862-37e5-4d7d-8d7e-a02c49f4470c, 0.716374269005848, 0
d14f7634-7992-4918-9702-5d3ef48ed4c9, 0.716374269005848, 1
e2189944-2bfd-46af-885f-c0d5a0500126, 0.716374269005848, 1
f4fb2e13-0b5b-4ef8-9e34-1f6502a032a6, 0.716374269005848, 1
0546962b-27bc-4ee0-83ac-e311f4e8d5ff, 0.7149122807017545, 1
1820f4f1-5b17-4d66-9367-21e36d34bbc4, 0.7149122807017545, 2
289c93d9-3167-43c9-a548-71b37caff6d0, 0.7149122807017545, 1
3e5a1d32-6f2b-4c84-8198-28a503725aba, 0.7149122807017545, 0
5361932f-4db8-49b3-9ba8-870aa9ab7296, 0.7149122807017545, 0
670278b5-8555-4591-a73a-893f4fef0ce9, 0.7149122807017545, 1
67b91580-eeb7-439e-96d9-722a1494f3d4, 0.7149122807017545, 1
6b6187f4-ea96-4a7a-b00c-dead35e1c903, 0.7149122807017545, 1
6d0b3aad-cbbe-44fd-a0df-5796e616330a, 0.7149122807017545, 1
8b2f2df7-a783-4168-874c-cd14505c2a7e, 0.7149122807017545, 1
8e41c8bb-2261-4c4e-baa0-6731037fcafa, 0.7149122807017545, 1
920cb531-c6e6-456a-97bc-212a625062f5, 0.7149122807017545, 1
a5b4043d-bc19-46c5-9eca-e7e88c68c7e7, 0.7149122807017545, 1
b2d08813-4678-4d68-be14-493f924ec4e3, 0.7149122807017545, 1
b37a320e-6dce-4c86-be81-097d507c451a, 0.7149122807017545, 1
d8a58acb-4c32-4520-b384-86c6ae9e407b, 0.7149122807017545, 0
edec2353-5c95-45b8-9b50-2c2f105d7457, 0.7149122807017545, 1
01871ad9-ba5c-46ff-ac72-33857511324b, 0.7134502923976609, 1
036e06a0-9b7f-468b-a26d-7de03f701652, 0.7134502923976609, 2
06f12c88-0774-4ff7-8f68-b9153e930fda, 0.7134502923976609, 1
0f9d1955-247b-4a0b-858e-58c1812c2839, 0.7134502923976609, 1
130bf432-74d5-4edc-b70e-662c3260fed1, 0.7134502923976609, 1
1ce30bba-4df9-4bbe-b176-e8781f469446, 0.7134502923976609, 1
228a153f-649c-42fd-8ac9-4fbb1f203bc8, 0.7134502923976609, 1
2655b436-2912-49bf-9723-b63c461e5bcf, 0.7134502923976609, 2
2675284b-3784-46a7-8678-e305cb4bf1e9, 0.7134502923976609, 1
2ecb9856-1b61-4ebe-b262-cd777d9be9e6, 0.7134502923976609, 1
3222d6b3-5eb8-4b98-9e70-1213c51812c4, 0.7134502923976609, 2
32b37687-0ef4-4ddc-84fb-45df0a01b963, 0.7134502923976609, 2
347b63e5-fd40-48b8-ae70-44dbbc9a2a03, 0.7134502923976609, 1
3508f24b-dc5b-4565-b279-506e0ecbf5c7, 0.7134502923976609, 0
358e7b0d-27c2-4abf-bc8d-f45f473df05c, 0.7134502923976609, 1
3b0352a2-0500-4319-be99-200e97a04e70, 0.7134502923976609, 1
3df4e61e-8f26-491a-97c4-d33fbf1c0081, 0.7134502923976609, 1
3e1112a9-baa3-423e-af41-86278548c3fe, 0.7134502923976609, 2
3f877708-d98a-420a-9c6c-41de67697dfc, 0.7134502923976609, 2
4357389d-7dd0-4463-b1af-3822e1e9949e, 0.7134502923976609, 1
4385154c-a5d5-49c2-be40-bafe55f210ca, 0.7134502923976609, 1
4594e396-3dbf-4142-9a03-bbd297000543, 0.7134502923976609, 1
532d9ae5-4684-4058-b88e-3bcea3f034eb, 0.7134502923976609, 2
555a72dc-1c27-4418-bc89-38cddda49116, 0.7134502923976609, 1
5798a93a-ca8b-4cea-9097-832b167f5e49, 0.7134502923976609, 2
5d165dea-ea16-4637-821a-38212be363da, 0.7134502923976609, 1
5d567d57-3e43-4823-b431-78f3d66bf245, 0.7134502923976609, 2
5f583817-f013-416b-8558-104448a298b2, 0.7134502923976609, 2
67479eea-446b-44e3-ad91-d65737fadc46, 0.7134502923976609, 2
6bfb8e35-567f-457c-8312-60aed6a190e5, 0.7134502923976609, 1
6d380d99-913d-40e3-8157-c69fd894abce, 0.7134502923976609, 1
6d9b6040-8a3a-436a-a9f9-4cbc332d79dd, 0.7134502923976609, 2
72d1ebd4-8858-4f49-b4ad-4920b3cfaa87, 0.7134502923976609, 1
72d3003a-4736-45c2-81d0-e5da2e553650, 0.7134502923976609, 2
77811cb9-e3b7-446c-9419-6795ffa4ee3a, 0.7134502923976609, 1
7a660970-6994-4136-a691-06231379b1fe, 0.7134502923976609, 1
7afa60e5-9222-49c5-96a7-306bf3b853cd, 0.7134502923976609, 1
814533ff-d4fb-4c71-9aab-f15c8c8570bd, 0.7134502923976609, 1
83b4beca-e1d4-4c74-989b-c9b9624f61a3, 0.7134502923976609, 1
85e798a9-5d7b-4f45-8c49-cc13b20085ea, 0.7134502923976609, 1
8a4c959c-10bc-4817-90cb-f7a190d12dc4, 0.7134502923976609, 1
8aae01bc-e406-450b-9b7f-70ef596872fe, 0.7134502923976609, 1
96854513-ee0d-4cee-9960-3ebd3c91127d, 0.7134502923976609, 1
98495780-6a99-4f15-ad0d-c441ded49a1a, 0.7134502923976609, 1
989e559c-3ad2-413f-89d9-c3ea63ce0539, 0.7134502923976609, 1
9bdb1701-cd7c-4e12-a283-96d676fb5fa4, 0.7134502923976609, 1
a191d525-19c8-4b6c-ba10-65840a019926, 0.7134502923976609, 0
a378db12-7e29-42f3-9192-f0c110521389, 0.7134502923976609, 1
a7f17c23-63ff-4870-b776-0a877707a408, 0.7134502923976609, 1
a8037344-c40e-48d8-9f7f-10b4496def35, 0.7134502923976609, 1
ac7cf77f-93a1-440f-9bc4-5345dbd29166, 0.7134502923976609, 2
b1fabf55-65d5-4454-ab35-166a5fe22d93, 0.7134502923976609, 2
b4d64e33-57e4-4615-9245-400861b889b7, 0.7134502923976609, 1
b54fbde7-bece-4511-888e-bb2f3e995c98, 0.7134502923976609, 1
b84ceff4-ac7b-4090-a51a-ea28ea52b413, 0.7134502923976609, 1
b9c34bf3-1a0a-4bff-8ea8-6ef13314a6c8, 0.7134502923976609, 2
bdd5337f-d3a6-46fd-a0ec-0b170c57772f, 0.7134502923976609, 1
bf6d1b84-674d-4748-b7cd-75e14a5ec955, 0.7134502923976609, 2
c31bdf16-5604-4946-b8bc-58d15b5d1653, 0.7134502923976609, 1
c46eb896-26ee-4e1d-b421-2e1594e03478, 0.7134502923976609, 2
c7640633-0034-45e5-b9be-1256754d33cb, 0.7134502923976609, 2
c985bc33-62ee-4d97-b103-734968697829, 0.7134502923976609, 2
cd8c9bc0-3733-4360-b96f-7b882393fd98, 0.7134502923976609, 2
d7d9385d-71f1-4e47-9c93-311a16bd0933, 0.7134502923976609, 1
d89e6094-b0a6-49b3-9d6a-a20497b3c272, 0.7134502923976609, 1
e28f121b-8e54-4865-ba6c-7865edb5285b, 0.7134502923976609, 1
e4157481-2447-4e0f-b836-d887080cbaec, 0.7134502923976609, 1
e89df850-dc12-438a-91fb-9dd17f694a0e, 0.7134502923976609, 2
f0901a8d-ba90-4d3b-9279-1a4c8657a8ef, 0.7134502923976609, 2
f24cd0a0-fa65-4044-8efb-49530bfe6e49, 0.7134502923976609, 1
f3787e03-2d89-4dcb-b0ea-69b067edaa3a, 0.7134502923976609, 1
f9544fb7-b19e-4815-99ea-cff3a85d72c9, 0.7134502923976609, 1
f9b1b204-025b-47bb-866a-cb101ad59cac, 0.7134502923976609, 1
fa4cb10e-60a8-4d3d-a6f5-ad188fd1276e, 0.7134502923976609, 1
fb697517-d9fd-4ef5-afbd-a8da4cb6f29c, 0.7134502923976609, 1
7c11c738-df7b-4584-98fa-d1aa10dd4526, 0.7127192982456141, 0
d4619219-d267-49d6-8122-ae1e8225ac6e, 0.7127192982456141, 1
102be21a-8618-44b8-ae96-27e9fea5267e, 0.7112573099415205, 0
ae659929-e318-4cc7-91eb-8c85b99ffccd, 0.7112573099415205, 0
10b0b28b-cd74-4ba4-82fd-a1ac24aaf058, 0.709795321637427, 0
10dfd548-39fc-4b06-a5b7-a44d2d5edfcd, 0.709795321637427, 1
12c50520-929d-4bad-98ce-7ac55139ffd1, 0.709795321637427, 0
6628cf8e-e058-4323-a650-dbf8a6c45f49, 0.709795321637427, 1
8a59b722-12dc-4529-9f0a-7c16da136984, 0.709795321637427, 0
a7c335f2-2e35-4ecf-bd8a-7c6e4239c720, 0.709795321637427, 0
b87e11ba-5582-403a-845f-91220ae9469e, 0.709795321637427, 1
04bd5207-28b0-4915-a570-88d59f0a0f74, 0.7083333333333334, 1
23f0b33e-5fa8-477a-84e0-3602dace99f7, 0.7083333333333334, 1
48f7de0e-15e9-4b76-bbf0-da3f5e1c343f, 0.7083333333333334, 0
4950f61d-cc67-4999-bab9-a4b2c6fd5768, 0.7083333333333334, 1
68aa78cd-1cd4-40ff-b613-895dac541a02, 0.7083333333333334, 0
6b3243be-8a7c-4499-a714-3e426d35e926, 0.7083333333333334, 0
6e78fcb6-7c22-46b4-b9ac-c5e278872b44, 0.7083333333333334, 1
74bc2d0d-e5bf-4d31-972c-43db554a7367, 0.7083333333333334, 0
87f2951e-7a4b-475a-8de7-3ad37131f168, 0.7083333333333334, 1
d5e475a1-3d00-41b9-be85-d93ed07d572a, 0.7083333333333334, 0
d8c641da-83cc-4f13-b789-4de7c2b8f2d0, 0.7083333333333334, 1
f127ada3-4baf-45c2-980a-65cf0c3d4fe0, 0.7083333333333334, 1
0041173b-0a33-4a9c-a0cb-f31a6f0f4a0c, 0.7068713450292399, 1
01060e8c-7e11-4200-a8e3-5f6593a2b0c8, 0.7068713450292399, 1
018dac26-4aab-478a-8c7d-a083badde43b, 0.7068713450292399, 1
131aba67-d773-40ea-8871-cf55cf1c7207, 0.7068713450292399, 1
2a6cf729-408d-4e93-a448-705a40faf19e, 0.7068713450292399, 2
31447477-8d1f-4b26-b5f7-549144316875, 0.7068713450292399, 1
332a919d-be2e-4e0e-8bc6-81d6c556302f, 0.7068713450292399, 1
35b0fbf9-dc86-4a95-b71f-cfa433460db5, 0.7068713450292399, 0
3b20ea8a-dfe2-4a5b-97c0-21181e709209, 0.7068713450292399, 1
3d005785-a5c2-4f1a-8107-e0bba60c3c19, 0.7068713450292399, 2
40e0c52a-a0d2-40a1-8cb1-f0a036249065, 0.7068713450292399, 1
44383123-1d80-4571-9a9f-e17b2fed8dba, 0.7068713450292399, 1
48fa99b6-bacc-471d-a369-c0f4b1dc5543, 0.7068713450292399, 1
4bac1da2-ba5f-4aef-8ae2-a5d70d60c0b6, 0.7068713450292399, 2
4bc91cc4-fdc6-4d2a-9dfb-d522989efc6a, 0.7068713450292399, 1
4c2559dd-18d7-4dde-8c1e-e815dfe5dd33, 0.7068713450292399, 1
5578d671-eca7-48eb-beee-d483f8076e2c, 0.7068713450292399, 2
5b0e1701-05b2-46c0-9c54-a8347ff37e37, 0.7068713450292399, 2
5d2e9033-5b05-4fa8-9bd4-56169453ed3d, 0.7068713450292399, 1
6904d9b2-efd4-4d0b-b5f4-125b7674505a, 0.7068713450292399, 2
71c2cef3-503a-4490-9c19-65c13a48c013, 0.7068713450292399, 1
72f1cd24-1068-486b-aca3-be79fc50f19f, 0.7068713450292399, 1
8a504d20-81c8-48dc-ac7e-14bc2a1c4434, 0.7068713450292399, 2
992328ea-92b3-4944-bad7-5b2e1789bed2, 0.7068713450292399, 2
a5fa970e-5e5b-42f7-8161-20cb0aece52b, 0.7068713450292399, 1
afd35ba2-ac91-43e0-abc0-4796eeaca244, 0.7068713450292399, 1
c0fd6c77-d090-43c8-bbf4-7bdc57add686, 0.7068713450292399, 1
c1c707ff-892a-4898-b63e-9bb5451b330f, 0.7068713450292399, 2
c77f842f-67cf-4efa-b8b8-a4043de0a5aa, 0.7068713450292399, 1
ce788386-dce3-4c2e-8ecf-ce185742af31, 0.7068713450292399, 1
d3d43acb-b89f-490b-828c-f2ac60ce61c7, 0.7068713450292399, 1
d4b0b1ee-33f2-4252-8352-39294e0a1099, 0.7068713450292399, 1
d551324d-e789-4d75-a541-faa4a8e38aec, 0.7068713450292399, 2
d8adbf2c-f383-40ad-b918-db3e4ab730b8, 0.7068713450292399, 2
ddba2ecc-7a63-466d-8a3f-7a92f774184f, 0.7068713450292399, 1
ddcfa9fa-39c6-4f0f-876a-95e1e0eb7de0, 0.7068713450292399, 1
e17182bf-ac6e-4b6e-a835-5bb87ca83324, 0.7068713450292399, 2
f018f6a9-7895-49c8-b0bd-57fb29f7b358, 0.7068713450292399, 1
f12a351a-730f-45b3-a4b2-140291ec0ad9, 0.7068713450292399, 1
f14aa53a-b54d-474b-836b-5e0df0a6c92a, 0.7068713450292399, 2
f22550fa-0798-4478-9d81-b47f987a555a, 0.7068713450292399, 2
f4406be3-292f-45d1-be84-0ad7a89d4909, 0.7068713450292399, 1
17a8602d-b338-4fd6-b960-d6c67dcaea2c, 0.7032163742690059, 1
225c1bb2-aadc-4331-ad33-d03149b99f72, 0.7032163742690059, 0
305e0b85-78b5-4034-85b1-54411904624a, 0.7032163742690059, 0
8b71453e-c271-4f51-9c08-c7ab25dcae26, 0.7032163742690059, 1
ed7c5a60-291d-4a84-ab85-6cc45e00f284, 0.7032163742690059, 1
f498480c-71e1-42d2-b1bd-5b7cde4f6de7, 0.7032163742690059, 1
0c320a0a-29da-423e-9c63-c3924999ff28, 0.7017543859649124, 1
118433e5-3157-419a-b3bf-8b6d8adf4a7f, 0.7017543859649124, 0
456575ce-06d5-4d69-a17c-b78ebaf406d8, 0.7017543859649124, 1
4b456eed-cb3b-49c7-b665-b1ca8c1a95bd, 0.7017543859649124, 1
59383f70-b18c-4513-ae47-c895aabb5d9d, 0.7017543859649124, 1
77773f75-5e19-4044-abaa-9a715c1d89c3, 0.7017543859649124, 1
b9d55677-107e-4d5c-948e-8cd31d7554d6, 0.7017543859649124, 1
ca37023b-bf3c-49d6-b6aa-44f4f32884d3, 0.7017543859649124, 1
001e7b18-ca88-4913-979e-e21ec0fdb234, 0.7002923976608189, 1
05ed4566-5404-4c28-81eb-8ecc72143c57, 0.7002923976608189, 1
101cfa9e-1454-4099-9ba1-de7470cf05ad, 0.7002923976608189, 1
164d8aea-8833-4777-925b-12b89aeedb58, 0.7002923976608189, 1
2cb8e17e-9ce9-4ba8-8239-e8f4b2eb73fc, 0.7002923976608189, 1
31880665-c74c-4639-9f9d-a6534f9eddee, 0.7002923976608189, 1
343723a4-d062-4597-8d80-6e45574d1764, 0.7002923976608189, 1
37b8f240-5b00-4392-86b2-ee5292fbe965, 0.7002923976608189, 1
3bc64b0d-ec1c-43ec-a29d-2ba567dd69ca, 0.7002923976608189, 1
3e85c57f-a782-42a4-87a9-4d0a3c513e1c, 0.7002923976608189, 1
494fb198-49b7-4908-90c1-fdbd9066473f, 0.7002923976608189, 1
4e841093-f421-4359-a5a2-d269fd0b1125, 0.7002923976608189, 2
4fd20a8f-f108-4249-83b1-0009e9a53a88, 0.7002923976608189, 2
70a9cb8e-ed69-4bbb-9174-311c020b472d, 0.7002923976608189, 1
7ee4b7ca-6e40-467e-a5cc-32a010577412, 0.7002923976608189, 1
8f38c30e-73ad-4099-9e02-4deb616295cf, 0.7002923976608189, 1
96204a6c-d824-4c56-a0d5-e85788e37287, 0.7002923976608189, 1
abc94992-7bc5-4724-86a6-ed705f43cb69, 0.7002923976608189, 1
c2ea85de-2d4a-409e-add2-1a9b3d1788de, 0.7002923976608189, 1
cc192cc8-5534-4979-8ea4-62c3b39ea5ca, 0.7002923976608189, 1
d20c688d-fedf-446e-83e7-e0301d350170, 0.7002923976608189, 1
d9f74a11-1680-4b5f-9eb3-2caeddcc20a5, 0.7002923976608189, 2
ea0fce87-ca94-4217-81a7-19471cdf0ea7, 0.7002923976608189, 0
f0fca374-e1b4-41de-85b5-b43cc5179787, 0.7002923976608189, 1
7ffee2f3-e690-472b-a31d-bafbfcef75e3, 0.7002923976608187, 1
add27942-b08e-48c4-84c7-58785e2c873e, 0.7002923976608187, 0
c546db01-b233-4da3-8439-fd8335fbd87a, 0.7002923976608187, 1
d510d925-55e9-43b0-8e6e-fc81d112ebe4, 0.7002923976608187, 1
e1eb3116-8bdf-4a57-8234-f14a7ec4a795, 0.7002923976608187, 0
0f4f4263-ff77-4829-945a-1f7ede40f07a, 0.6980994152046784, 1
247be90b-e172-4c4e-8e1e-90973454da21, 0.6966374269005848, 1
5e9a9ce4-a27b-443d-a487-e59c93d3c806, 0.6966374269005848, 1
6120b590-e641-409d-beac-60b20541192b, 0.6951754385964912, 1
654640d2-4941-4690-9939-8705fa03be54, 0.6951754385964912, 1
d2a09be1-0af1-4f3b-ba3d-7c36dbe084f2, 0.6951754385964912, 1
db3963b1-82ff-4b38-b65e-6d129cbdab18, 0.6951754385964912, 1
ef7c1539-9b8a-4450-89ed-dbf537643d36, 0.6951754385964912, 1
0666b053-861c-4d57-96ac-ffefb6c96d92, 0.6937134502923977, 1
07cade48-055f-424f-bbf3-a0234d264123, 0.6937134502923977, 1
0c3089bc-819e-4509-9d3f-fbf0f4f21b1e, 0.6937134502923977, 1
0e2a7c65-e9d4-46b7-9d22-1438664a4bb1, 0.6937134502923977, 0
2163f59b-7b1d-4a9a-8e7b-7ea35d4bff90, 0.6937134502923977, 1
2922fc4a-cde8-4adc-9d06-43ef24c5da60, 0.6937134502923977, 1
384edeb3-5b13-43b5-af3e-e3d3a205d1db, 0.6937134502923977, 1
5d690db7-1f3c-4e85-a2ef-103840a91fb9, 0.6937134502923977, 1
5de99af8-3d71-4952-82e1-f08f81dad0ed, 0.6937134502923977, 1
60f79530-3cf0-4c09-b6ab-c88105d0b7ea, 0.6937134502923977, 1
6c9a4cdc-2611-4e37-87a9-fc8bd130a504, 0.6937134502923977, 1
6f8fadf7-3f16-49cc-b5bc-e7d82913d776, 0.6937134502923977, 1
76b1a442-91ee-403d-88c6-22d52de4054a, 0.6937134502923977, 1
937813f5-eecd-4b2c-909b-1a2d90fe41b2, 0.6937134502923977, 1
a66ba4f4-6f77-41d4-81c6-143c1e710517, 0.6937134502923977, 1
ab8688b5-0250-48bf-94ab-81d52174c4ba, 0.6937134502923977, 1
ad86d99d-d5b6-40ff-90c5-568f0d7c2782, 0.6937134502923977, 0
b4537461-c7d4-49de-be17-40cbb77d490d, 0.6937134502923977, 0
ceec4d19-bde1-47af-9a6b-26d9658752c9, 0.6937134502923977, 2
d02bbf46-54dd-44b0-90cc-5491dbf6dd63, 0.6937134502923977, 1
d3f534f8-4a56-458d-8b54-0f3ced5045c4, 0.6937134502923977, 1
d9989f16-d646-4684-a490-c41fdfc1c78b, 0.6937134502923977, 1
e01c3a55-449f-4767-94ef-cfbc8781c483, 0.6937134502923977, 1
e53f6f5d-1b68-4bdc-999f-caa5082777dd, 0.6937134502923977, 0
e5ec1f8b-18a1-4c25-acf8-82eacb7915cf, 0.6937134502923977, 1
ece8d606-a527-4c48-a38d-41c1629ddcd2, 0.6937134502923977, 1
f1944d0b-ae8e-4e37-bda2-cceca0b79da9, 0.6937134502923977, 1
f92a6f93-6929-47d4-a4c1-56405f830293, 0.6937134502923977, 2
fc967959-1dda-421c-a445-a7cdc859e667, 0.6937134502923977, 0
1b8634c4-99f9-4734-8b64-6943659e0988, 0.6885964912280702, 1
2dc81ffa-554d-4ed6-a8bd-3477054d1b9a, 0.6885964912280702, 1
4e402003-db3b-4414-ab46-21823587a06c, 0.6885964912280702, 1
5be14bda-cd68-4f29-9715-ee0dcae218fe, 0.6885964912280702, 1
8322095c-505f-4d90-a9fa-a5b295e429b7, 0.6885964912280702, 0
8be18ec8-d825-42bb-9853-c47285fc9d65, 0.6885964912280702, 1
c742fe18-e24d-42ef-b18a-b8c85f3f0fb4, 0.6885964912280702, 1
cb400a4f-8fde-44b9-8aaf-7bcdac23f47b, 0.6885964912280702, 1
ce33fe36-8bbd-4e5e-9e03-4e7935ed6291, 0.6885964912280702, 0
f8f9c548-6d68-41e3-b17a-aeff6a8d4528, 0.6885964912280702, 0
fe21edd5-a6ea-46ba-9233-9ed8fc1d9a8b, 0.6885964912280702, 1
0a6754fc-17c2-44d4-80c9-b99d6297165a, 0.6871345029239767, 1
0ca62023-18a8-4828-ab63-5ba15edab20a, 0.6871345029239767, 1
29afa3a9-3de5-4f25-96ac-83df80dc85b1, 0.6871345029239767, 1
2a5669b0-14f8-4680-b7f9-de135a56f5fc, 0.6871345029239767, 2
40541601-5da0-4ae3-9bc0-e2df41afcc77, 0.6871345029239767, 1
42f97c40-88b3-427d-9144-7c2007a24904, 0.6871345029239767, 1
c7a2003c-ac08-4d62-a8fa-91e3fd7aecb6, 0.6871345029239767, 1
cd2a2f6d-b664-43cc-8f59-09c3b6230fb1, 0.6871345029239767, 1
d992d21a-854e-4cbd-9753-351c5ca1244c, 0.6871345029239767, 1
e1603b96-c76f-4ffc-acb5-7f28f0657aa5, 0.6871345029239767, 1
e75daf9d-f0c3-40db-9a96-be1722a36b96, 0.6871345029239767, 1
e9170bbd-c5ad-4490-add5-3b41bdbe0b3b, 0.6871345029239767, 0
30350424-b7cc-47d8-b496-62185699d349, 0.6871345029239766, 1
8edf3734-626f-4347-82e8-60b8fa87f539, 0.6871345029239766, 1
9e822e89-8b1e-46f2-b878-f193aa087bbf, 0.6871345029239766, 1
a65a3cf0-d779-4822-b390-2af363f3a46a, 0.6871345029239766, 1
a6601175-bf2c-4d17-85fe-f3a817df10a5, 0.6871345029239766, 1
b464a41c-ca61-41d0-9dbc-514f7880af85, 0.6871345029239766, 1
d0d83c5c-725b-4ad6-8b0f-8f820d7f7547, 0.6871345029239766, 1
013c636d-586b-40f8-b28f-774f1e658578, 0.6856725146198831, 1
0bacbad6-33ba-4520-b449-2df4942815ce, 0.6856725146198831, 2
0c848569-858c-42d7-9935-cbc0a37b548e, 0.6856725146198831, 1
0d65110f-c2da-495b-adb3-6d553054a1af, 0.6856725146198831, 2
0d693c9c-bafe-4c97-9390-c30c20a76393, 0.6856725146198831, 0
0facdc7d-67cb-4522-acb9-52f0e80c0ab4, 0.6856725146198831, 2
10808182-3f7b-4a8e-b45d-872a58298e52, 0.6856725146198831, 2
111e108b-ace0-4da3-8b9b-90880f5552b2, 0.6856725146198831, 1
19287421-1de5-4825-807a-081284835d0b, 0.6856725146198831, 1
1d1fbd2f-0459-4653-abc5-f8f6c8f95352, 0.6856725146198831, 1
1e52989c-c668-4c9a-894d-0a0d08a2c446, 0.6856725146198831, 0
20f2993d-95c7-44f1-a0b6-f1ae0d7137dd, 0.6856725146198831, 1
219ee2d3-b4a7-49e3-840a-a29f3abd14b6, 0.6856725146198831, 0
23c70eef-2225-48ec-9bdb-2ffdf390e687, 0.6856725146198831, 1
27dac684-3a98-4f9d-b387-b3187d8f745f, 0.6856725146198831, 2
29ae659a-effd-4bb5-9b04-febd77cc8d5d, 0.6856725146198831, 2
32b3d008-6ee6-400c-9f95-5a205eff6797, 0.6856725146198831, 1
33075cf5-d314-43af-90e4-82321389e13e, 0.6856725146198831, 1
3c644233-156d-4169-a8b3-20462ab4eabe, 0.6856725146198831, 2
46a53df2-8124-4da3-98c5-179f2e850148, 0.6856725146198831, 2
50a13d4b-b93b-450f-b489-9ea2e8758b64, 0.6856725146198831, 2
54887722-b27e-42d4-82cf-9af9f7e1c7a8, 0.6856725146198831, 1
580a4df7-7681-4fe2-b97a-f53cadbecbec, 0.6856725146198831, 2
5cc12bbd-0a34-4f1c-b473-47118c862249, 0.6856725146198831, 2
62fc24ab-0fa3-4d02-a73d-29838168400b, 0.6856725146198831, 2
65c66e36-316f-4cb4-8e5f-4893d229caae, 0.6856725146198831, 1
6689825d-a6d5-4989-8345-e133f2cd1805, 0.6856725146198831, 1
6dab4f61-5696-4103-8fcb-2a9661f460cb, 0.6856725146198831, 0
6e996ad9-da49-453b-9db6-66178844dda8, 0.6856725146198831, 2
7005a67f-ba43-4456-9871-86386fd19302, 0.6856725146198831, 0
748eee0e-7777-4a5a-b7f8-37777bb1ac30, 0.6856725146198831, 1
75ac19f0-4e60-4449-8063-a1d8748e99f1, 0.6856725146198831, 1
762bc533-2b13-40ff-a4ca-d27d81818739, 0.6856725146198831, 2
771edc8b-d2cb-4d8e-976b-a9ae46d7eec3, 0.6856725146198831, 2
846a28ee-9eea-49a2-8ca0-1dee0d0a5836, 0.6856725146198831, 1
867b7793-6c90-406f-8ee1-f8eb475fa925, 0.6856725146198831, 2
8b6844b5-e975-461a-a376-11b02c4d537a, 0.6856725146198831, 1
8c3288ba-9931-42ac-9a2d-516629399430, 0.6856725146198831, 1
940e84eb-9a43-45d2-ab59-4a2afe6a51f8, 0.6856725146198831, 1
9a6bc768-1b32-4718-9ebd-58ec2c1cae7c, 0.6856725146198831, 2
9cad2a03-be6d-4921-9707-eeb98e75e614, 0.6856725146198831, 1
a1525186-5a60-4881-b051-775942a9e857, 0.6856725146198831, 1
a2070b2e-c36a-4276-9232-01b0b4b46062, 0.6856725146198831, 2
a4c9f9bf-c605-4b6e-8225-a13155cfad15, 0.6856725146198831, 2
a6bbb519-55ba-43c2-b779-99a965455d23, 0.6856725146198831, 1
a8680ea6-16f9-48ba-a448-6e9a44ab8feb, 0.6856725146198831, 1
a869fb7c-08ab-4d77-958d-961e09e561cd, 0.6856725146198831, 1
a87ccca3-0e1a-454e-a90d-19c6f07f68fb, 0.6856725146198831, 1
a90a3aea-c691-441c-8f11-119937dc9daa, 0.6856725146198831, 1
ac06e950-6e47-4d4d-940e-91982f9a7b1f, 0.6856725146198831, 1
b02e148b-e494-494a-ab47-5f7ace347e9f, 0.6856725146198831, 1
b1a7c407-f88e-4554-bbae-d6841442d973, 0.6856725146198831, 2
b35c84ca-5a36-4768-b2a4-8f473f6daf17, 0.6856725146198831, 2
b43952a4-147f-4b32-a996-63d9b68b84f8, 0.6856725146198831, 1
ba08bd50-3e0d-4f14-8caa-b965e79cb807, 0.6856725146198831, 2
ba9441d6-7fec-4dd9-be2b-1a3ac01a0584, 0.6856725146198831, 2
bad3161e-ebc4-4ec7-ad49-73f42e7c8923, 0.6856725146198831, 1
bc8ff40a-1399-4bcc-af2b-85d58bd1395a, 0.6856725146198831, 2
bd604997-fec1-4dfd-9202-c77cffd7e5da, 0.6856725146198831, 1
bdd93e76-80a8-424a-bc5e-f9719b95d934, 0.6856725146198831, 1
be01a6ac-7440-4990-b443-4d529d2fb8db, 0.6856725146198831, 1
c038d752-cc6e-4438-9a56-8a7729b55bf2, 0.6856725146198831, 1
c31b4283-a9d5-4022-a1aa-9c2ba6354bcb, 0.6856725146198831, 2
c435660e-b9c9-42e7-86c4-b2d76a2856be, 0.6856725146198831, 2
c6f5fb32-7c14-483f-92b5-168cac3dc2ac, 0.6856725146198831, 1
cf3513b8-8327-48c3-93c9-7c8af2a13610, 0.6856725146198831, 2
d14e4ab8-ed9c-4038-9973-cd9db90b095a, 0.6856725146198831, 0
d1db9818-3abc-40d0-a17c-0a0b611cac8e, 0.6856725146198831, 2
d58531a0-d0db-4ea5-9385-dcec7e0f7880, 0.6856725146198831, 1
e0556b9d-bc04-45e2-80e4-cb66fdc13614, 0.6856725146198831, 2
e4236a18-cc99-4719-9548-0c994e0343d2, 0.6856725146198831, 1
e9026f22-8b94-4a9c-a4c8-c6537634440e, 0.6856725146198831, 1
eacb0e72-caf4-498b-8cdd-49b7f34886e5, 0.6856725146198831, 1
ef5b169f-8a72-42e3-9ae4-34b1c9ac34fa, 0.6856725146198831, 2
f073994b-ebbb-47b6-ba9e-e9e22ec6655a, 0.6856725146198831, 1
f1e58b70-6e0c-48a7-982d-f46c7716e82f, 0.6856725146198831, 1
f3e2badb-4ebe-46ee-9b12-bab511c96c9d, 0.6856725146198831, 1
f59eaca8-4930-4d89-9138-89c0bd779a8c, 0.6856725146198831, 2
f6df7760-9378-4105-940c-d8b7a0886c8a, 0.6856725146198831, 1
f6f06853-8599-4c4d-bdca-4b736d3dbc23, 0.6856725146198831, 2
f6fbdbb6-b906-4a1f-be76-cc3a906aadcb, 0.6856725146198831, 2
f92ebdde-d875-4794-8e02-b9e9c559e9e8, 0.6856725146198831, 2
5fc95f52-56b2-4ac9-8a9c-ae5939ccfce6, 0.6820175438596492, 0
e3aee4e9-395f-4fde-ae4f-792e85b7b4d8, 0.6820175438596492, 0
02b6d27f-d6d7-4b6b-bc67-8a5a3ea31466, 0.6805555555555556, 1
2f4c1cf6-cc9d-4dd0-bacd-fd7f39e47411, 0.6805555555555556, 1
3b1dc858-e271-49b0-a627-61a446119cea, 0.6805555555555556, 1
46f29f71-1787-4c70-a146-d23f88daa889, 0.6805555555555556, 0
4f126c47-7b4f-467e-91f3-a15e4bc0895d, 0.6805555555555556, 1
5af53cc1-8c49-425b-b7be-43a254464fe1, 0.6805555555555556, 1
63355be2-6cf1-4525-af4b-208f80c67418, 0.6805555555555556, 1
78538e0e-62f8-4fce-bbd2-0852ff27bf92, 0.6805555555555556, 1
9e2e53cc-e3e8-4d6f-a430-919ed9028cc2, 0.6805555555555556, 1
a698ae79-3c8b-48d5-bc0b-ee861c941ab1, 0.6805555555555556, 1
b144ca07-c41a-4700-b873-2c7c31c238ee, 0.6805555555555556, 1
b63b62fd-d3a6-42fd-8e4b-0110257e6471, 0.6805555555555556, 1
b8bcb2f5-a593-4aa6-bd43-87bbcf3635d2, 0.6805555555555556, 0
c2544697-71e6-4aa8-9ef2-f69b0c2cacd3, 0.6805555555555556, 1
c2d8e7b1-a35c-486c-8a19-d0dbdd29bca4, 0.6805555555555556, 1
09558911-a788-4351-9d4f-911090d2b60b, 0.6790935672514621, 0
0af6777b-6213-4706-a6de-f972c5c9eba2, 0.6790935672514621, 0
11337b86-dda6-4112-af26-a43f02e2237d, 0.6790935672514621, 0
134c1bef-a41f-44e4-a964-1cb5eb55abe2, 0.6790935672514621, 2
15fd9760-9b1c-4dfe-a1af-5945728bbc89, 0.6790935672514621, 1
178397af-970d-4173-8321-68d4e24cac93, 0.6790935672514621, 2
2d0f1dd1-0b2d-4c28-a17b-41d2c0d941b2, 0.6790935672514621, 1
2ef6982b-8c28-46f2-bdf7-cf815312008b, 0.6790935672514621, 2
33e5c1ad-355e-4f36-b6c3-bdaa961efc67, 0.6790935672514621, 1
39420119-b346-48bd-b114-cb78d062f185, 0.6790935672514621, 1
3beaac7c-1843-4c86-8fa2-7b3c19462d71, 0.6790935672514621, 1
449fe99e-7589-4cb7-a027-f8fbf9871570, 0.6790935672514621, 1
44ccad26-f1a7-42e0-9ae1-5501a5b9fcf6, 0.6790935672514621, 1
458b55bc-9852-46c0-9027-69411a1c4c4e, 0.6790935672514621, 1
465d1bd0-83f5-4a6d-ac3f-f24ccccd642a, 0.6790935672514621, 2
495c9e7c-9f8f-4de6-9ab8-2c6f7a462bcc, 0.6790935672514621, 0
501dde9f-7ddf-4d15-8556-63e5dc712cb2, 0.6790935672514621, 1
58a47a67-b06d-4f39-a445-be608b36fcdc, 0.6790935672514621, 1
5a21850a-ab35-48e7-a74c-96b9939de4b7, 0.6790935672514621, 2
655f43e3-4225-40b8-b06e-99dd86b63dec, 0.6790935672514621, 1
7290e296-1d2e-4a5a-8d17-6a9442168089, 0.6790935672514621, 1
782db977-f816-4c00-94d0-3822cbf7cbce, 0.6790935672514621, 1
7aceaadc-6d38-4e53-8c5b-05f4f26684d9, 0.6790935672514621, 2
84dd23ec-49c7-48c8-a88d-e63f4fc2a943, 0.6790935672514621, 2
8a3f42e9-01f3-4ab5-836a-e1b13fddab15, 0.6790935672514621, 2
8d710c34-37ae-4e8e-99f3-c941b7028573, 0.6790935672514621, 1
8fc9c3f3-7656-468b-a068-43b01b3ac073, 0.6790935672514621, 1
916b52ad-7c90-45b0-907e-08083bb34efb, 0.6790935672514621, 1
994acb70-d713-4b4e-a2d6-f8c331b410d0, 0.6790935672514621, 1
9c033169-86a7-4979-ac0a-be361291ae61, 0.6790935672514621, 1
9c469f44-974e-48d2-92cc-8045ff905a81, 0.6790935672514621, 1
a086db29-bfaf-4322-9937-2c0121e3b7d1, 0.6790935672514621, 2
a1cd2c1d-e854-4a7f-8116-d470cc2d0bbf, 0.6790935672514621, 2
aaf84076-3795-4ea3-94b6-522449db5fb8, 0.6790935672514621, 2
aded99fb-aae7-49eb-a7d0-b33ef9b274cf, 0.6790935672514621, 1
ae315f89-5d41-4961-966c-0474006d3222, 0.6790935672514621, 1
bdf08351-02f4-43ad-b1ac-1209766d4ec3, 0.6790935672514621, 2
c5ca56cb-e34c-4756-acd3-90e7ab7a6203, 0.6790935672514621, 1
c5e9c44a-6f46-4cea-9907-eb32cbeb8a5f, 0.6790935672514621, 1
ca81e1b8-2dd5-468c-8df7-5b9f5c3dba0e, 0.6790935672514621, 2
cf02fccd-3b12-458f-ba65-429a2fdc1fc2, 0.6790935672514621, 1
d0953eed-0efa-43e2-ab9f-ea8a05644354, 0.6790935672514621, 2
d6fb3dba-5f2f-44fc-b07e-099aa182b41d, 0.6790935672514621, 1
d81007ec-98ba-4ea6-8695-33c5bf6f9b75, 0.6790935672514621, 1
e1cc0850-6eb6-46fe-a900-63508e9c7a88, 0.6790935672514621, 1
e4b49173-d8e5-48f9-943b-00c06b62982b, 0.6790935672514621, 1
f1f481ff-10be-4dc7-96b4-151421c786ee, 0.6790935672514621, 2
f40aae49-b1b5-4286-8ff9-6c07cb5f910a, 0.6790935672514621, 1
f6468953-d6ba-44e3-b18a-2fbab865671f, 0.6790935672514621, 1
f98d1a56-85c9-432b-8aaf-42b582fac4ec, 0.6790935672514621, 2
fda47319-fec5-4111-98b2-936af556a768, 0.6790935672514621, 1
eba87eec-fb06-4fd6-a451-0f9eda5bdd77, 0.6769005847953217, 0
f285e275-1ce8-4362-8937-a4bdd8b54804, 0.6769005847953217, 0
28887946-95e9-40ce-9953-ff56ead8a5dd, 0.6754385964912282, 1
24d28b6c-0fb6-4fd2-98d5-6e0832ef0760, 0.6739766081871346, 1
361b2191-992f-4752-9b76-7a1374e49ce7, 0.6739766081871346, 1
4a64444a-367b-4581-84ca-e3f4c0d312ed, 0.6739766081871346, 1
5e6ce6f8-8e2f-48ff-bb0e-7748818eba17, 0.6739766081871346, 1
7b2ec747-a33e-4a14-92ce-4ad76da07795, 0.6739766081871346, 1
8ab8b78b-b469-42cb-9b6e-5405ef1e7b0e, 0.6739766081871346, 1
8aced5e9-8669-440c-8840-93d23ce8e63f, 0.6739766081871346, 1
91c7204b-d5c4-498e-926d-07e462776f53, 0.6739766081871346, 1
a4903683-4302-49c3-8066-1947957db77d, 0.6739766081871346, 1
adf0228d-f1ba-4467-9f69-60b8e07bf7c6, 0.6739766081871346, 1
d076a1c8-4661-4c5a-a20c-71cfe92fe76d, 0.6739766081871346, 1
e1b187b8-129c-47f3-989a-60f523791271, 0.6739766081871346, 1
f7e97d37-bd79-4c5d-9d18-17b9b5735b8d, 0.6739766081871346, 1
0849481a-1f29-4142-9c4b-c3236545087b, 0.672514619883041, 1
223e6d92-9618-4aa9-97e3-a3df40cdfc1d, 0.672514619883041, 2
313df0e6-2c4b-45ea-9e50-a09c6c7ff580, 0.672514619883041, 1
416305ff-ed13-4c60-8e18-d44daa795492, 0.672514619883041, 1
43f9281a-973e-4958-8509-15309028598a, 0.672514619883041, 1
58d4b97b-cdb9-41f0-8608-03a2b48cd311, 0.672514619883041, 1
5b962fac-4234-432a-8260-e5cc2c1072b9, 0.672514619883041, 1
5fe8d77e-a776-422c-9462-d5b76da9e4e2, 0.672514619883041, 1
63b1527c-f59a-44d2-9350-a71af78f3c1b, 0.672514619883041, 1
6e03fdcf-a26b-445d-b934-80cf801f9a70, 0.672514619883041, 1
6e1e73d9-076d-4b82-8cb8-e0ec586ff684, 0.672514619883041, 1
8190a506-faa5-4fc8-8d50-7863e27f8059, 0.672514619883041, 1
83e4b360-a313-4bc1-b2db-c8ed9a4a393a, 0.672514619883041, 1
91d90099-df8a-458a-ae04-b34a6853dee7, 0.672514619883041, 1
97f6a370-f74d-416c-bafd-326dd92023fa, 0.672514619883041, 0
985936f9-4b24-40a5-996a-df4e9bbff405, 0.672514619883041, 1
9887612f-c511-4760-a7a6-1149c49639b9, 0.672514619883041, 0
9c11aa16-c689-411d-90ae-2c65c0c9c5ea, 0.672514619883041, 1
a18ef16b-6db8-4e96-aa05-b85cd753be3d, 0.672514619883041, 1
ad5bbc47-3bcf-43e2-924a-52818444eb7c, 0.672514619883041, 0
c24cdb56-7923-4fc0-b459-2c28210814d6, 0.672514619883041, 1
c78f2f29-80fd-433a-9e2b-404d7b7e4f9e, 0.672514619883041, 1
cbe7b830-3a57-440b-96be-0a563b99e937, 0.672514619883041, 1
cbffb5ea-e392-4873-a460-18d73c0e12fc, 0.672514619883041, 2
cf7d9000-2947-450e-bf3e-90b825f9929f, 0.672514619883041, 1
d4b7f1a5-8dd4-4497-a253-d8ed50e79dac, 0.672514619883041, 2
d945cfef-aaa4-4260-861d-fca0c141b209, 0.672514619883041, 1
df61a245-da34-4074-baeb-8d21212e5744, 0.672514619883041, 2
e2d4c294-60bf-4b92-a39b-8a39d8067ab5, 0.672514619883041, 1
e3f87908-e070-48bc-85ea-c2c890ce2f3e, 0.672514619883041, 1
e74dd8cd-8645-40ce-808b-c205d485a6bd, 0.672514619883041, 2
e9cc0e8b-8e4c-425c-ba78-94a4e07f57a2, 0.672514619883041, 2
ead892ee-9305-4eec-ae46-6b0bceecacf5, 0.672514619883041, 1
eb91047c-0b90-4b2b-bf9b-19e6ba79a374, 0.672514619883041, 2
ee63c310-be9e-41ec-989c-f9e7215f6e69, 0.672514619883041, 1
f1d381a2-1066-4706-be5b-8c4da38d44ea, 0.672514619883041, 0
f68b5fbe-4978-4bd2-9654-b0e05d4473bc, 0.672514619883041, 1
f89050bd-7c87-4148-8b55-b8d6eead878f, 0.672514619883041, 1
fe1b907b-aab0-4d6a-8e82-594479759c01, 0.672514619883041, 2
663e9674-98e0-44db-88e9-a646cf746e58, 0.668859649122807, 0
a0a6dafb-72ff-4e44-b98e-9af8c43c8be8, 0.668859649122807, 0
0550e605-2606-4900-9295-474fa62db633, 0.6673976608187135, 1
0f4e6bea-5057-467b-8679-15368660e55d, 0.6673976608187135, 1
1767cddb-56a5-4857-913c-3374e801dba7, 0.6673976608187135, 1
3d12779b-b16b-47e7-8dfb-02b00ec90255, 0.6673976608187135, 1
43702fbb-a5c5-4d19-92c1-bed76c243a48, 0.6673976608187135, 1
5c30ea74-6944-489f-a90b-433aa75f3915, 0.6673976608187135, 1
5ce6edb6-fa72-4238-b060-ab1305b593cf, 0.6673976608187135, 1
66035c3f-b017-4c50-92bf-ed4dc125874c, 0.6673976608187135, 1
8072e89f-511b-40b2-9a91-bdf687baaf3f, 0.6673976608187135, 1
a5fe1f56-17d2-4679-a1f5-382801741d5d, 0.6673976608187135, 1
f55ab9ce-4b0e-4f25-8029-507b766a0880, 0.6673976608187135, 1
fba3cdad-f438-4744-8302-8fb9595a1a95, 0.6673976608187135, 1
0b24de54-0e6b-40d8-ba66-defaabdd33a4, 0.6659356725146199, 2
199f155a-4dbd-4005-bb22-f36e8748590d, 0.6659356725146199, 1
214ef593-4ef0-4b31-93ca-2ff4ec032ba4, 0.6659356725146199, 1
2808042d-a8ff-4231-a347-9cad86831e77, 0.6659356725146199, 2
36b8cf13-b09a-41f1-9aa1-0f2968a5e6a2, 0.6659356725146199, 1
3e96292e-48a4-43a5-b5ac-427a550f55b1, 0.6659356725146199, 1
47c4b02c-5d4a-477a-a24f-ccd83ebe3904, 0.6659356725146199, 0
555ebbf3-2365-4a41-9c03-edaf8ec3e97a, 0.6659356725146199, 1
5b81a326-60ab-4c58-8785-9fc7f6e4b00f, 0.6659356725146199, 0
5f927a38-d07d-41ec-913b-b60cebc517e0, 0.6659356725146199, 1
63d4cf4d-2307-4973-acb0-df9d8c3ffe94, 0.6659356725146199, 2
6a6956b3-ab7e-4ba7-bf56-9f153a89eab7, 0.6659356725146199, 1
7700baa5-5712-46f8-b985-454d30e57c95, 0.6659356725146199, 2
77ab4a67-c7f3-4a44-92cb-c52e6076c41e, 0.6659356725146199, 1
7ad089cd-4721-4758-8d79-2de24c1a159a, 0.6659356725146199, 1
7ccfdee0-8c8d-4c68-bcfb-4816fdef27fa, 0.6659356725146199, 0
7ffbdfac-a7a9-4512-aa89-e346b44edb89, 0.6659356725146199, 0
97754791-f46b-42cd-b55d-8420a092b52f, 0.6659356725146199, 1
9fe0ace9-2a9c-4b92-9ece-8a3db9982c6e, 0.6659356725146199, 1
a8156893-c579-43dd-9325-b07e41be1f2d, 0.6659356725146199, 1
aa64c68f-b580-4eb2-a493-5ad5093059b6, 0.6659356725146199, 1
c34c1e45-9ab7-4c1f-8ec3-1ba2d6e1850b, 0.6659356725146199, 1
ccbded17-f415-4738-b115-09f8d715a844, 0.6659356725146199, 1
5a181d19-9b1d-4e97-a96c-ec3562112504, 0.662280701754386, 0
6e8225d8-694e-4210-93c9-7643bd9a9b20, 0.6608187134502925, 0
7a87b2e2-85bb-45fb-8010-9eb96e102f28, 0.6608187134502925, 0
d1f9e48d-2237-4e14-9cd5-4b510c65a3a6, 0.6608187134502925, 1
e944be73-ea8d-432b-8083-8738953c0cef, 0.6608187134502925, 1
b0dc7e67-23c7-4e21-89da-45ccb9e8e401, 0.6608187134502924, 0
17159b19-39a1-4d4a-be97-c0acc7191934, 0.6593567251461989, 1
2982f836-ef74-4623-8fde-a50cd6726039, 0.6593567251461989, 1
3e79a303-494d-40ee-ab67-7153e548de7d, 0.6593567251461989, 1
42243754-e70b-49a8-94c4-9fee8cfa53b4, 0.6593567251461989, 0
586909e6-0c68-4601-8c6f-3ea28217f7e2, 0.6593567251461989, 1
772429a3-e568-4f5a-83e3-48cb5a7b5866, 0.6593567251461989, 0
8f455e42-7ae0-4163-85f3-a1390e2bdad7, 0.6593567251461989, 1
a3097e9a-ddb1-4e6f-aa2e-917482b90979, 0.6593567251461989, 1
aadd2bd8-8621-403c-9716-21a3b1837317, 0.6593567251461989, 1
ac1167a7-1838-4716-a13b-8c268b6a2341, 0.6593567251461989, 1
afb5965a-4a7e-43f3-92fd-bf0e2040fd48, 0.6593567251461989, 1
c28244bd-1043-47bc-b04a-1551a876d5ec, 0.6593567251461989, 1
cfc7855e-86b0-440d-b97d-5c099860791b, 0.6593567251461989, 1
e6dd6faa-9b20-4415-ad33-be3b22065d57, 0.6593567251461989, 1
f406676c-da05-4132-8441-7419b13659d6, 0.6593567251461989, 1
0a10c3d5-368b-4a73-9b45-d521ece0c813, 0.6578947368421053, 1
18b796a2-48f4-4fe2-9527-67cc3409e0a0, 0.6578947368421053, 2
1b2a8942-74e3-4b18-add8-33eaf6903cd0, 0.6578947368421053, 1
1c7413a9-82f6-40fd-a1dd-6c95522136bb, 0.6578947368421053, 2
21206450-4258-4d73-aa64-c3e325770df5, 0.6578947368421053, 2
22f98cc2-8eea-4370-95bc-de20793c1c58, 0.6578947368421053, 2
27bd3020-a7b4-4597-8b12-4e3c5a9023d3, 0.6578947368421053, 1
29f83f19-0c1a-4ecc-b66c-5eeac2ceb526, 0.6578947368421053, 2
2cc3d5d4-9c6d-42fb-8811-fc839b5d58f1, 0.6578947368421053, 1
2f56b913-211c-45ab-8703-bdca194dea60, 0.6578947368421053, 0
37798e1f-5aa2-4435-a90a-80452e7bd934, 0.6578947368421053, 1
37a9770d-8cd3-4ddd-ad66-ab7241416f64, 0.6578947368421053, 1
3d94544e-d4b7-4a9e-829f-9caa9f9aef50, 0.6578947368421053, 1
401a7020-7fd6-402e-b0df-4c6cd309e53b, 0.6578947368421053, 1
4ab8b3c5-4bce-4b9f-a751-b19a0509065f, 0.6578947368421053, 1
5029b048-ff96-46b4-bae6-f9ac989613eb, 0.6578947368421053, 2
56dcd1cb-1eb7-4c26-aa37-d18f531c3e70, 0.6578947368421053, 1
57b776a7-f0da-4c02-be1c-58e9b6312646, 0.6578947368421053, 2
5b70fc1e-56a9-49f9-ab15-ffa5e859c19f, 0.6578947368421053, 1
63626a9e-9012-4d4f-84ef-22fc66c6ae3c, 0.6578947368421053, 2
6b5b95f4-e3dd-4a25-b3b1-eb9e90b44cc7, 0.6578947368421053, 2
6b93d567-c2cc-4e31-b9ad-3e3584685585, 0.6578947368421053, 2
6cab9526-c257-4e5f-860f-8090796f549d, 0.6578947368421053, 1
78799d85-7db9-4b4e-9f35-8d4321646d05, 0.6578947368421053, 2
796c842b-c8b0-4fcb-9ad6-ecd0c38a0b8b, 0.6578947368421053, 2
7b031f88-0191-49eb-88f0-039a34d009d4, 0.6578947368421053, 2
7daf1783-acda-4f33-b1e1-eb918713084c, 0.6578947368421053, 1
813e0cc3-a10a-49c6-9193-09f7b97b2cc0, 0.6578947368421053, 1
816f9348-c437-4d2a-a89c-9b3f85ed4ff8, 0.6578947368421053, 2
83085cbd-76c0-4409-b5a8-43af9e60923f, 0.6578947368421053, 1
88cd58d4-7aff-4575-b802-f5bce283f171, 0.6578947368421053, 2
89e04072-f156-46ef-aad5-d48d29c259fe, 0.6578947368421053, 2
89fd47da-63b0-42e0-b251-3dcc592069ae, 0.6578947368421053, 2
91112120-2b2d-4717-81a5-b1af5719d0d4, 0.6578947368421053, 1
923a1e61-b9c4-4797-b9f6-a73404dd248d, 0.6578947368421053, 1
934048bf-88d5-4991-b435-e48d6635be2d, 0.6578947368421053, 1
98bb9eb3-831d-4b09-9536-b39af42a7f09, 0.6578947368421053, 2
a46fd69a-2f42-4300-8b65-b2793df873b4, 0.6578947368421053, 1
ab078688-1763-40e1-81da-d85b37565086, 0.6578947368421053, 2
aca6b8c1-0e88-4531-90a5-00a19805703a, 0.6578947368421053, 1
ade3a433-e51e-4ee3-98f2-9d9e283f067b, 0.6578947368421053, 1
b7bdbf52-83b0-4dcf-812b-dae34ff19473, 0.6578947368421053, 1
b99cf8d5-fa71-4e6a-aea6-c6bd2d379417, 0.6578947368421053, 1
b9baaf1f-a1fa-4576-a2d1-52be8eb57dc1, 0.6578947368421053, 1
bbc3c7e3-58f4-4229-9729-f5191af4fb96, 0.6578947368421053, 1
c59c87e4-5b57-4275-9d7e-1d735bb6572d, 0.6578947368421053, 1
c8cfd0c5-0d94-4acf-a91d-79684148840c, 0.6578947368421053, 2
ce7de0dc-63a0-4c54-a374-b9ce5e2d7862, 0.6578947368421053, 1
d0eea69d-462a-48b9-9ca1-2bc705fcf06f, 0.6578947368421053, 2
d699397a-04fe-4419-9f1d-bb176c379130, 0.6578947368421053, 1
d9b90a1e-48b3-4830-985b-16f93746f26d, 0.6578947368421053, 1
d9e897d9-9f44-426a-8336-b8dd05e970cb, 0.6578947368421053, 2
e4afee61-0943-42c4-acb5-9b6ac2f7c20e, 0.6578947368421053, 2
eba36932-dc18-4364-ba40-e090ba58bd7b, 0.6578947368421053, 1
eca27de5-7920-40cd-8afc-527ea996b722, 0.6578947368421053, 1
edc80eed-6ba5-4dec-af0b-75ab89f99842, 0.6578947368421053, 1
f09434d1-4c60-4b0d-a3eb-647902a4ae65, 0.6578947368421053, 2
f18b73e4-f456-4c97-9ae1-b8f5081aa0c1, 0.6578947368421053, 2
fef82ac0-85ad-45b0-a884-e2384f0d56d9, 0.6578947368421053, 1
12973e33-18e0-480b-a847-650ba383e30a, 0.6571637426900585, 0
2ef3af4f-e9d1-4190-b5de-0d2cc648f72e, 0.6542397660818714, 0
aed20744-63ea-4c88-b586-ce7f7ffc3159, 0.6542397660818714, 1
b9916d5a-a10b-4658-9d0a-f8d3752a3062, 0.6542397660818714, 1
bc8953f0-df0b-42d1-a4da-bca140352da2, 0.6542397660818714, 1
c33ca402-b02e-4e55-ac88-de5ce48ae98c, 0.6542397660818714, 1
eb856253-06e6-4285-968d-bd1add80c58c, 0.6542397660818714, 1
ef0c2a55-a5bd-42b6-97e3-2ba7b00e022d, 0.6542397660818714, 1
33b3f7b7-c9c6-41f1-875e-1122f2d2fac5, 0.6527777777777779, 1
39fae55c-33ca-43a7-bad9-c28cf2342ec2, 0.6527777777777779, 0
75343df5-4b28-4095-8a95-240abfafdff1, 0.6527777777777779, 1
7adfab02-1445-4167-b476-3bd3f6651b20, 0.6527777777777779, 0
9d6b3334-f645-4815-8f76-f35a2ba4fabf, 0.6527777777777779, 1
acd156a4-bb4a-4ebf-b921-5667b0b94628, 0.6527777777777779, 1
bed3d3b7-74a4-4bd4-9e8c-5e9497c21514, 0.6527777777777779, 1
bfb2b876-a24f-44ad-8810-e99e47633b02, 0.6527777777777779, 1
bfbc5c25-28ec-40ae-9f88-8552a56e25e1, 0.6527777777777779, 1
f3a01064-a641-4794-b270-64f5356638c0, 0.6527777777777779, 2
11028bab-f9e8-4527-a251-bbfd6e63ab0c, 0.6513157894736843, 1
143e894f-6930-49ed-b84d-374b007d8b0d, 0.6513157894736843, 1
15e302ad-a10c-421a-9da0-0ff6ac6338ae, 0.6513157894736843, 2
1977c83f-efba-4165-9735-0f6994062d20, 0.6513157894736843, 1
1d7b173e-05db-4110-97e6-6364f346ffc6, 0.6513157894736843, 1
23d502c8-af0d-4c56-9e37-4ffc6f03ae33, 0.6513157894736843, 1
2deb1e1c-f9ac-4226-8f30-e6f2b4ef969a, 0.6513157894736843, 0
322a4304-eacf-4ab9-b791-3975a57e3205, 0.6513157894736843, 1
32d53098-835a-43e3-a887-ed226cc42b56, 0.6513157894736843, 2
399fca1b-f851-4c88-9e97-745b5c595494, 0.6513157894736843, 1
48eea4b0-802b-4813-830a-877aca04fa66, 0.6513157894736843, 2
62956325-fd84-433f-9f99-ab725cc241ea, 0.6513157894736843, 1
70f2dedb-b3b6-4f2f-b5d7-bba487be0786, 0.6513157894736843, 2
713c936a-5683-458b-9300-48078af73818, 0.6513157894736843, 1
75734a3e-c343-49b3-ab8d-faa186c35707, 0.6513157894736843, 2
7a2cae84-d895-477e-ab62-6bbbb7981135, 0.6513157894736843, 2
7ae92944-4bae-4b25-8511-7639fa07d461, 0.6513157894736843, 1
7df4004a-159c-41b7-9d7a-47141a7850a6, 0.6513157894736843, 1
80c6a918-bbf1-4671-9492-cb41adb74d4f, 0.6513157894736843, 1
88ea5f78-b20d-4154-865a-bd269509797a, 0.6513157894736843, 1
8cbc1028-3a2e-4977-b221-36fede0811b1, 0.6513157894736843, 1
8f52b6ef-dba0-4bde-b652-df598e84e995, 0.6513157894736843, 1
93d4b790-00f6-40e7-83e5-3d247b789dad, 0.6513157894736843, 1
99292486-95f1-4e20-979e-d1be45ac8816, 0.6513157894736843, 1
9a331101-aad0-4eea-9f7a-79ba4a39f199, 0.6513157894736843, 2
9a7d73c2-41c5-45da-9fbc-5a9a4caf1dcd, 0.6513157894736843, 0
a1db0528-6a47-407e-ab03-5771f877e61b, 0.6513157894736843, 0
aaf9b08c-2bd6-412b-b3f8-419285ff11ea, 0.6513157894736843, 1
b342abb0-f8a2-4d82-914b-cd11d955bbc9, 0.6513157894736843, 2
b6d56d95-9899-4ba8-8ba8-2503a453d8dd, 0.6513157894736843, 2
bc942c91-77f3-4eb4-a9cb-e1f325fb363e, 0.6513157894736843, 2
c16494d2-c032-4e20-951c-0e645aa6c60a, 0.6513157894736843, 1
c26f6ade-4f24-4f96-8fc4-5402aee3a24c, 0.6513157894736843, 2
d5f0428f-12b8-4bd2-9e0b-2eb0f6c3595e, 0.6513157894736843, 2
da287c23-a5c6-4972-aa9c-9b0cc853a3bf, 0.6513157894736843, 2
da5fe18f-0578-4fff-a969-186ee7c9cd26, 0.6513157894736843, 1
ddf4b940-6a64-4c0b-8fb2-9b309bdc76f5, 0.6513157894736843, 2
df85f722-15ab-4310-8fed-39b04df0f0f4, 0.6513157894736843, 1
e4e00b38-17bb-49ba-9ca3-9ba1c2c5811a, 0.6513157894736843, 1
ce3e9851-7197-4ec4-b857-3bcdc245b49b, 0.6505847953216375, 0
b5b106ae-18ef-4ef1-93fa-2af311c31941, 0.6491228070175439, 0
0acda6a5-5ce7-4432-a844-f26cbc91ab05, 0.6476608187134504, 1
3eee3b54-e87e-41c3-9258-798d1d662736, 0.6476608187134504, 1
34511bba-f17c-4d93-8336-8f1a13323fb3, 0.6476608187134503, 1
8223e0d5-bcaa-4fe5-9d79-29287e42c6a1, 0.6476608187134503, 1
8d39dfd7-c3ea-4499-92d8-fd173eabdadb, 0.6476608187134503, 1
a2166891-9acb-4ba7-9a56-2fa5f5c4c99a, 0.6476608187134503, 1
c142b82b-bfff-4b3e-8845-5a3c42d13eb5, 0.6476608187134503, 1
0203817a-29f1-4ea0-81a7-8570aed2c6fd, 0.6461988304093568, 1
2ca23367-4117-43a9-b4fe-f18a5d4cd935, 0.6461988304093568, 1
31fc9230-06c7-446a-b400-60c87288cc4d, 0.6461988304093568, 1
35713f0f-67c0-4c55-a8e4-c1f3f97e2872, 0.6461988304093568, 0
57a64305-2904-4b86-854b-47e26d9e3972, 0.6461988304093568, 1
7016b402-6d94-47a1-ad7f-0c53de7740cc, 0.6461988304093568, 1
7609afcd-50ca-48b4-a5f1-c08305437092, 0.6461988304093568, 1
88dafe76-25ae-407c-b155-d52cc436a5ba, 0.6461988304093568, 1
a37a6afb-fc01-436a-b8e6-72cca8d148f5, 0.6461988304093568, 0
e19cbd28-b1a9-49ad-8ff0-b18a2158671c, 0.6461988304093568, 1
0cbbd50e-0bdb-4a87-968a-3d44a14c5954, 0.6447368421052633, 1
1d5002b0-a2f9-4ca8-a245-b469021edeaf, 0.6447368421052633, 1
1eff0b81-0563-44dd-80dd-b698c0231155, 0.6447368421052633, 1
2d3641c8-9bde-4aa9-99a1-183fc978c729, 0.6447368421052633, 1
35032d6d-f660-4f0b-b9f1-31ebec6346f1, 0.6447368421052633, 1
39860fc0-1eeb-461e-b54a-929b788ce096, 0.6447368421052633, 1
41e488ee-0c33-4e20-9a7e-91817c2f793b, 0.6447368421052633, 1
50b0496d-7500-419b-be96-df57a2266d7e, 0.6447368421052633, 1
5880c29b-811e-49ec-a3cc-c8c52c222084, 0.6447368421052633, 1
5ee7691b-9d96-4ea4-98e4-db649e02650b, 0.6447368421052633, 2
655f5c35-aa39-4e6e-9f3a-02166fedd2e7, 0.6447368421052633, 1
6863fff1-bdec-4ccb-a505-06813497936d, 0.6447368421052633, 1
6af1dd56-dc26-4906-876b-2b9dd9d54e56, 0.6447368421052633, 2
7008bb61-4d24-489e-81be-90940195a8d3, 0.6447368421052633, 1
780fd0fe-2f13-46fb-b341-19ad927a2633, 0.6447368421052633, 1
7edf12fd-9b35-4c3d-bb21-d3b1ec26ffb6, 0.6447368421052633, 2
86c4dcf1-6438-40b2-9343-160f8fc431ee, 0.6447368421052633, 1
a4b32eff-75b4-413d-9d43-c355968e9133, 0.6447368421052633, 1
a8bcacff-e710-448e-9446-028fcfc0e095, 0.6447368421052633, 2
b5252d49-58d3-474f-9557-7cd3727633dd, 0.6447368421052633, 0
c122eff5-d9e0-4d03-ab1c-9b71c7212c4c, 0.6447368421052633, 1
d08d22f3-a5b4-4352-96a7-f6f347825b05, 0.6447368421052633, 1
d5c78dae-9aa3-41f4-a046-1136f7bf7905, 0.6447368421052633, 2
e055237b-52d7-417e-acd1-613b9fd0fec7, 0.6447368421052633, 2
f18d6bcf-6d0d-493c-ad8f-d5e6def455c7, 0.6447368421052633, 2
f943955c-f39c-4abb-9208-ac60c0f8f3f9, 0.6447368421052633, 1
5742ce2f-614c-4ab5-ad23-24ac692c2bde, 0.6440058479532165, 0
9986d4ad-b343-4372-a583-bf21c18e2766, 0.6440058479532165, 1
e899de7c-bb15-4e97-985c-1524b940265d, 0.6425438596491229, 0
13e3f0d7-ad55-4240-96a7-7c365843768a, 0.6410818713450293, 1
71aee876-af23-4fa5-9d6b-7bdd31cf6602, 0.6410818713450293, 1
9956c5c1-4ffc-4cc8-8e4e-cdaff9e75040, 0.6410818713450293, 1
c3ca8f10-9d96-4418-bd30-1d8c605615b1, 0.6410818713450293, 1
187da362-96b0-462d-85b5-bca5ceaaf9d1, 0.6396198830409358, 1
2b1db2ce-a46a-441b-92f3-3d6e7b4481ee, 0.6396198830409358, 1
63533056-ac52-4544-9aff-19230fc6ab18, 0.6396198830409358, 1
6fa852af-2060-482d-a839-082719bd6c39, 0.6396198830409358, 1
b04b3688-7177-4b61-8687-f5ee83f1e835, 0.6396198830409358, 1
b285c77e-af98-4c65-9009-8323055b709b, 0.6396198830409358, 1
0ff7cf1f-f2c0-4f35-9509-1ff9c3efb42a, 0.6381578947368421, 1
114b0932-22e9-4c8e-885c-e345af2dcc6c, 0.6381578947368421, 2
15632cb4-c7cf-4206-a74b-5fd6044caebb, 0.6381578947368421, 1
1ccc8b47-b850-49b6-b0f9-13c942c02cf3, 0.6381578947368421, 1
3cb31309-d480-4118-8121-1afc1408d61b, 0.6381578947368421, 0
3f3319c2-a862-44d7-9513-3be608fbf554, 0.6381578947368421, 1
3ffc7152-95c2-4d7e-ab3d-426ecd44139b, 0.6381578947368421, 1
45f9f586-f66d-4aae-bf91-1e7cd80ecff1, 0.6381578947368421, 1
467e5ed0-bbbe-463d-a765-371ae55f47f4, 0.6381578947368421, 0
4a5eea04-8d7c-4a87-b09a-999bb89adf33, 0.6381578947368421, 2
6d353f3e-39e9-4f57-ba51-f99226fee78c, 0.6381578947368421, 1
73df14db-e667-49e2-80c4-79eadef4fc67, 0.6381578947368421, 1
89f39a06-5e96-4431-b0ce-47f40beb29b7, 0.6381578947368421, 0
8dc5d554-e587-4d64-b8ee-b237a8ad5aa7, 0.6381578947368421, 1
9e0c4ecc-5433-45df-b387-9a685302c35c, 0.6381578947368421, 1
a54bfe66-2f76-4c7f-84e5-9b2e5de6e3f4, 0.6381578947368421, 1
c1e3d70a-2ea6-4778-bd29-f3ebcf366ed8, 0.6381578947368421, 2
c606948e-1125-420c-a307-166d4614d67b, 0.6381578947368421, 1
c86e1750-6279-431c-8a4b-de13a15f4174, 0.6381578947368421, 1
d4bee74d-e2c9-44ab-9002-fcc26aa56b7f, 0.6381578947368421, 1
42851e88-63be-423b-8560-82760ba403ee, 0.6359649122807018, 0
cf571df9-adc4-41a4-afd2-1d2c3fdde873, 0.6359649122807018, 0
5f71e229-9b53-4fcf-a10b-7a4e5d11a11c, 0.6345029239766082, 1
88f95c2b-3e7d-48d6-9cc0-135c89ac8d52, 0.6345029239766082, 1
0be497ec-587c-47c0-bc7d-c5e738826234, 0.6330409356725146, 1
47fe424d-8441-4421-a330-c7e7399ba932, 0.6330409356725146, 1
95e4bf7f-9f1d-4530-a11e-357e8c71ec45, 0.6330409356725146, 1
cf45be73-ae93-4fb3-aa1a-f57b6d183ea3, 0.6330409356725146, 1
1b91b7c8-596d-41be-be74-0a8c788d1d27, 0.6315789473684211, 1
1e7c2bbb-a954-4ea1-89e9-341803526af8, 0.6315789473684211, 1
379186c1-21c8-416c-a2f6-311bf4446cc2, 0.6315789473684211, 1
3aff9f50-f76a-4c41-9bbb-5a0ffeae86a0, 0.6315789473684211, 2
3ea4adbf-0931-4c78-a1da-73a22cd5d373, 0.6315789473684211, 1
6d63f7aa-9e4b-4330-96b3-11fe612d3b59, 0.6315789473684211, 1
750a6d0b-39db-44d1-a895-08eeeb2abd7b, 0.6315789473684211, 2
77b6751d-cb09-4281-9028-7747b425b0de, 0.6315789473684211, 1
8193d527-90b9-4e69-a560-08fe49e3e88e, 0.6315789473684211, 2
8936f938-3264-4950-8c58-266ea853caf6, 0.6315789473684211, 1
a2296b02-ee7c-4190-bc70-7b74bbab7790, 0.6315789473684211, 1
a32524da-7968-4eff-a260-a3b91427fc76, 0.6315789473684211, 1
aea3de5d-5f87-45ef-8636-3871ea719187, 0.6315789473684211, 1
b6c1e732-c576-4776-8a10-7e8cdc489137, 0.6315789473684211, 1
c682af73-2224-4e48-a007-9c9f0c14f12d, 0.6315789473684211, 1
c9099ccb-a5ec-40ea-a2ad-fd1e462f9423, 0.6315789473684211, 1
c93c3cb9-aa99-44e0-b04d-04c92bb295b1, 0.6315789473684211, 1
d999e3a6-6d9f-46ca-ad2b-0b28593cd89e, 0.6315789473684211, 1
e52805f8-54a5-448d-a6ee-3d6d0f842dda, 0.6315789473684211, 1
e80b7ef4-d397-47cf-9a43-a57b6ad1f10c, 0.6315789473684211, 0
ed65edf9-309c-4d25-acf2-17629ccc4541, 0.6315789473684211, 1
f1a68066-9f83-46a9-b65d-96922086a7df, 0.6315789473684211, 0
740a13db-585b-4ce6-b51e-ea7617984da8, 0.6308479532163743, 0
7b8b9f20-de74-4ebf-bc5e-c26b884a5e16, 0.6308479532163743, 0
0814e975-e847-4415-8ee5-efe96fdb2960, 0.6301169590643275, 2
0c8d467d-afff-4cd6-8bbe-528d61ecf65c, 0.6301169590643275, 0
0f556627-eced-46a8-9369-da58a4c5c965, 0.6301169590643275, 2
10f524e4-00e2-41d1-9e21-0053e7f17a1d, 0.6301169590643275, 1
1198e516-90bc-47a1-b5fd-b9e29fb91eb1, 0.6301169590643275, 1
122c8f0b-b56d-4b79-bd9c-90209ad06aeb, 0.6301169590643275, 2
184c03b7-9e95-4509-a8f5-bbc0a7081454, 0.6301169590643275, 2
1dfe9945-9430-4821-a1ab-90fc2c7bb920, 0.6301169590643275, 1
1e1e00da-2b28-46ff-aa7f-2d63d74abd72, 0.6301169590643275, 2
1ff2b92a-1ef8-4dd8-89c9-d925f05b7744, 0.6301169590643275, 2
208bdeab-a51e-41fa-949d-fc30080907ba, 0.6301169590643275, 2
22636e0f-3b6c-48c6-b78c-e172abc40715, 0.6301169590643275, 2
233d9b30-8d40-4e52-8a6e-b2bfd30ce04b, 0.6301169590643275, 1
236274e1-97a0-45d4-a81e-b97db761fd4b, 0.6301169590643275, 2
2414d2b5-f02f-49d0-a33e-98f613d4ac40, 0.6301169590643275, 2
2af8ab80-0cc4-47d0-8b9d-464ca0c82864, 0.6301169590643275, 2
301ee589-7d07-475b-8218-455a3a39d3e1, 0.6301169590643275, 2
33304ff3-880f-4157-a148-49659be39c70, 0.6301169590643275, 1
337abb91-272f-46a6-84a8-df043d73a2ae, 0.6301169590643275, 1
3b311515-9140-4a0e-8ae8-5576009a5259, 0.6301169590643275, 2
3dbd8c4c-0405-4dfc-82b5-0a29f20477ff, 0.6301169590643275, 2
3e932567-d3a6-484f-9085-a9384fd7e0f0, 0.6301169590643275, 2
3f4a753d-a637-44b1-b52d-ac4417c23615, 0.6301169590643275, 1
416e1ac2-1aa4-45b1-885e-c1ee9db2d1ec, 0.6301169590643275, 1
42064d52-e0c6-4dde-bf7d-1c2d6ff1c37c, 0.6301169590643275, 1
459c48db-79a1-4bb0-a093-820e62cfac91, 0.6301169590643275, 1
4e9651de-5840-4c48-8efd-ee53e578ff01, 0.6301169590643275, 2
511f5a56-0519-467a-a18b-2b9eab4ca2b9, 0.6301169590643275, 2
5151ed31-8c9e-4055-8f6f-9efe67d572b1, 0.6301169590643275, 1
54e7f9f4-7b30-4805-b2b8-f2a4fd99819e, 0.6301169590643275, 2
57d37717-1bec-4656-9a2f-fecea87b5b4d, 0.6301169590643275, 1
57f044e5-f785-4710-91f7-46ec591ee8bf, 0.6301169590643275, 1
5ccbf24b-e407-4bf9-80a1-a9f4d0f55be7, 0.6301169590643275, 2
5e6ac49b-ee4e-4288-b84e-1b13bc06559f, 0.6301169590643275, 1
605671a8-000f-44b7-8d87-495aa696fc1f, 0.6301169590643275, 2
609be333-978a-4da8-8f75-2acf1c83d4b9, 0.6301169590643275, 2
6339e5da-df4f-4a0e-b122-98e79057d157, 0.6301169590643275, 2
63527b49-304d-475f-8ef4-ceb9af2076f0, 0.6301169590643275, 2
65f376f5-dbde-4287-85a9-1aec667da960, 0.6301169590643275, 2
6649b542-7150-46fc-85b5-9dd7a666fd89, 0.6301169590643275, 1
67801e0b-e5d8-4029-a83d-6e8a88f2bb66, 0.6301169590643275, 1
696912dd-4747-4b72-adf1-308d6ed42c8b, 0.6301169590643275, 1
6efb34c7-60c8-4f94-828c-89e1c3bc3b45, 0.6301169590643275, 2
6f6efb97-284e-4b00-8c7d-f925ca105e4f, 0.6301169590643275, 2
72aa6f9e-0279-4ad2-8977-881ef4dac0d1, 0.6301169590643275, 0
745782eb-4a2b-459c-9ce2-7e6dce118f78, 0.6301169590643275, 2
74ac8951-9ad7-43e7-8945-d49466a33368, 0.6301169590643275, 2
754dfadb-b535-44e8-a21d-420377ecfdea, 0.6301169590643275, 1
758f76af-4156-4bd6-9602-3e324cd6040a, 0.6301169590643275, 2
75a2ad42-70ff-42af-a417-25a7366cf975, 0.6301169590643275, 2
7a8a2055-f9d4-40dc-b98e-21ab90379193, 0.6301169590643275, 2
7ae5e017-40ee-4dd1-8488-3dafbf4f5aa4, 0.6301169590643275, 2
7e9feed8-92c3-425b-9e50-a2c59f432467, 0.6301169590643275, 2
7f83ec33-7399-4adc-a494-55ceaff0e8f6, 0.6301169590643275, 1
82580b49-b73a-41e0-9aee-162a3b27e786, 0.6301169590643275, 2
867c1fd2-1756-403f-aac0-cd1af0c77168, 0.6301169590643275, 0
8776c885-edf6-4f72-ba4f-9bc794411bf4, 0.6301169590643275, 2
8d522695-e8c3-4a8c-93f6-417255bc3f01, 0.6301169590643275, 2
8e8a479d-5476-4b09-94ce-2acf6ca3a65b, 0.6301169590643275, 1
8fb7d73f-ba44-41cd-9c94-91be49fd547a, 0.6301169590643275, 2
990ead5f-6ccf-46aa-983d-a1803976d430, 0.6301169590643275, 2
a0f572b1-f6c2-45b6-88eb-ecb58563edd3, 0.6301169590643275, 1
aaf92943-40e1-46af-8727-81db2fad0a26, 0.6301169590643275, 2
ae1ac555-bf20-4efd-b237-6a4d8ff07a27, 0.6301169590643275, 2
b31148e1-84a8-4fc1-a941-3d99c5083678, 0.6301169590643275, 2
b421f5c2-1eb8-48c4-810c-d23c35e1d84e, 0.6301169590643275, 2
ba425c6c-4567-4639-b6b8-56249dadc2f0, 0.6301169590643275, 1
bdd51602-4de0-4de8-8b02-df8845e7fee6, 0.6301169590643275, 2
bf5c7c32-00c3-4092-91d7-6cc334e5b94b, 0.6301169590643275, 2
c67f4c7e-820e-4862-bc19-b3fad5edeb99, 0.6301169590643275, 0
c9abe813-0fa0-4ab8-837e-e27ac4f290f7, 0.6301169590643275, 2
cce7beba-fc97-4836-92a1-db385f19fa9c, 0.6301169590643275, 1
cce8e7e9-5a41-4acd-931e-a7c6b14816e3, 0.6301169590643275, 1
cf18ec62-335a-48b3-9f70-4bea3d01d1e6, 0.6301169590643275, 2
cfa1ff94-9933-4f63-8124-be958bc42f45, 0.6301169590643275, 2
d42156f3-5fab-4b8f-a348-cf90f2c0c9f6, 0.6301169590643275, 1
d458e635-4a4e-424c-9eb0-16aa82d6b8d6, 0.6301169590643275, 2
d5dd3bc8-487f-4fa6-9880-f8763e42b5e2, 0.6301169590643275, 2
d68cbe13-1079-4b27-a5b8-a87ef06656ce, 0.6301169590643275, 1
d7ab0da6-d4b1-4ace-9b8a-31372847856f, 0.6301169590643275, 2
dc3bd8cc-2ffd-4e95-901c-8c0ab9bbcda4, 0.6301169590643275, 2
ddff0f5d-6af6-4e11-8fc2-90eca81ed508, 0.6301169590643275, 2
dff393d5-2ee7-4d2d-9673-e7747e23bf91, 0.6301169590643275, 1
e1f53ac6-f7fd-4651-a51b-d5be801fae2d, 0.6301169590643275, 2
e1f6e316-2681-4f10-b266-3ec5f0767994, 0.6301169590643275, 2
e3c64d8c-1088-4554-a034-2225041bb061, 0.6301169590643275, 2
e41f993e-45a4-45e6-bd9d-0b3fe0ebec8c, 0.6301169590643275, 2
e43efbca-4855-46db-8618-e27a32f07a0a, 0.6301169590643275, 2
e6c21df0-5677-49ec-be54-de34a7a68c17, 0.6301169590643275, 2
e818e94b-23a2-4a52-852d-bb2fbf12f0c9, 0.6301169590643275, 2
ec34caf6-99d5-4c4c-9eed-f72660733f01, 0.6301169590643275, 1
efcff428-b5bb-451c-93a0-3d2429294c1d, 0.6301169590643275, 1
f08a409b-e80c-461e-89be-913f39639954, 0.6301169590643275, 2
f3ade21d-12f8-4b02-9877-059d10836ac9, 0.6301169590643275, 1
f789e83f-d7c7-4dcb-ad3b-8105ea0042c2, 0.6301169590643275, 1
fb405c37-1df5-4883-bbdf-c6df7187e6f9, 0.6301169590643275, 2
35b38cf4-87b6-4cd5-a7fc-b33cb4360661, 0.6293859649122808, 0
0ae9dc7e-c3ca-4f19-bc48-05bb0e2d257c, 0.6279239766081872, 1
1bae4e84-e7f3-4c67-9552-bcbf9581069f, 0.6279239766081872, 0
792415b7-b51b-4444-b0a3-a0f72cc6f0d8, 0.6279239766081872, 0
213a9538-c2e6-4d2b-b224-336f006aeac7, 0.6264619883040936, 1
97f2feec-6785-4737-8393-ec66b3ff6a9a, 0.6264619883040936, 1
fe2a3f13-f153-4377-a2e5-29321e004129, 0.6264619883040936, 1
fe37b912-787c-46d8-9bb3-2b7171e9ffe4, 0.6264619883040936, 1
0655f91b-f6f7-47a3-81ba-79e71cb6d68c, 0.625, 1
10bd0721-1c84-41c3-b39b-db172f892961, 0.625, 0
2ebb8ded-8d57-4b64-828a-854177700c54, 0.625, 1
35f18055-2493-45a5-89aa-2eec8499afe6, 0.625, 1
54d1b51d-3ee3-450b-bbb7-08b8e749a2c5, 0.625, 1
589a437e-1bad-4076-ae45-38610c4e3f08, 0.625, 1
6912661a-415d-4cbc-9e58-7590cfe79607, 0.625, 1
ac528d14-d2a8-4dc3-a072-08f4b7d18892, 0.625, 1
e7472f8b-4764-4e52-8a94-6d0aa63a2a00, 0.625, 1
020ddbeb-a874-4ca5-9050-43b20d543ec7, 0.6235380116959064, 1
15fb1c92-3e42-4198-9a17-c5e283a5f73e, 0.6235380116959064, 2
1a872e39-421b-4455-898d-6cf8a0dd20db, 0.6235380116959064, 1
2ac8ebfe-9a2f-45e0-8e4a-1356dff09c26, 0.6235380116959064, 2
2e69beaf-ffe0-4122-b8c2-3f1e24bf73a6, 0.6235380116959064, 2
39de374f-70ea-46f2-a0d4-7322829e1a90, 0.6235380116959064, 1
3a2f0451-1570-4889-bac7-2cc6e8638867, 0.6235380116959064, 1
3e7ad54e-13f8-4ddb-b8f7-bca3cfb87d1c, 0.6235380116959064, 1
463a26c0-7577-40d1-b827-c24eea11240b, 0.6235380116959064, 2
4b397b06-cdf5-49bd-9c9a-59774a8a62d3, 0.6235380116959064, 1
5704941b-6c91-4c61-8c51-840c603bbeea, 0.6235380116959064, 2
596ae6a9-5102-4f88-9aae-d0c96255c782, 0.6235380116959064, 1
5cd2a857-e3d2-46e9-8c16-d8e94068957e, 0.6235380116959064, 1
5d9ec655-ffab-4e2e-b387-b47b6642eef6, 0.6235380116959064, 1
6963bab7-8d8c-4c74-94e9-b81c3c4158c8, 0.6235380116959064, 1
7034c462-3b73-495c-bd00-29413f314e85, 0.6235380116959064, 2
719f8bf7-1918-47bf-a4cc-5ab4cc8c1130, 0.6235380116959064, 1
75a2d52f-2b6b-4b1a-863c-fe4aadd81659, 0.6235380116959064, 2
76e9d0d6-08ea-4d3c-9c95-73cbe76d88eb, 0.6235380116959064, 1
7c37674c-1dca-4b1c-952b-f544f5afe5b6, 0.6235380116959064, 1
7c3ee350-12dc-4aa7-a372-98a8fef16489, 0.6235380116959064, 1
7c7dab13-89d3-412c-a2d1-0391f8bdace5, 0.6235380116959064, 2
8819efe6-2982-4aba-a06c-49e37760c43f, 0.6235380116959064, 2
8ebbd8e4-e121-450d-a52f-d7e72bff366f, 0.6235380116959064, 1
90214fa7-062e-488f-bc7c-90a042e682db, 0.6235380116959064, 2
a4622379-a353-4763-b1bf-e83f2ddac837, 0.6235380116959064, 2
a578e225-639c-4556-997f-97107510a401, 0.6235380116959064, 1
acf639ea-ab6f-4891-903f-857469df0d19, 0.6235380116959064, 1
ae5fda29-15f4-4300-a93b-32e01c735439, 0.6235380116959064, 1
b0843d38-a39a-40f0-b16b-ad3b04d50f75, 0.6235380116959064, 1
b148c141-ca5d-4c27-8ff2-fb4b86a51fa8, 0.6235380116959064, 1
bff0bd7b-3cec-4e3e-918f-86aa44a9829f, 0.6235380116959064, 1
d31c45d4-2262-4df7-9433-edc0367a3c4b, 0.6235380116959064, 1
d3665578-dae2-4392-a0c0-dbaf1a525f79, 0.6235380116959064, 1
d9489ecd-47c6-4857-998b-5addcf4e7764, 0.6235380116959064, 1
dd7f7a1c-22af-4f55-aa91-3a0b504bddd0, 0.6235380116959064, 2
e718142c-6af7-4c71-9f9c-c26d95cfd470, 0.6235380116959064, 1
ef054d61-7b4d-478e-a7f0-b7e9cf2467ac, 0.6235380116959064, 1
f1ee8d4f-6cf2-4e83-8dc5-714c8a957710, 0.6235380116959064, 2
f90e453d-d8e3-4ba1-aa44-6f45d9459b29, 0.6235380116959064, 2
099900c2-bb32-4a56-b485-773ef45f3ffb, 0.6228070175438597, 0
a5aacd76-22d7-4567-80f4-d37caf81c87f, 0.6213450292397662, 1
d2406a25-8745-447c-876b-8fbcbdb69da1, 0.6213450292397662, 0
8bb6e446-a3d1-4bfc-90f5-ab3ecbd3dc72, 0.6198830409356726, 1
a717fabf-e26f-4ca1-a50c-dbdc9264c3c1, 0.6198830409356726, 1
af9d608d-1148-407b-aa98-bbe9dcfddd8e, 0.6198830409356726, 1
afc0ab85-fd77-4f70-97b5-96c146d7ca96, 0.6198830409356726, 1
e9833ca4-f746-4e33-b3be-197b328398ad, 0.6198830409356726, 1
7c8d18c4-6a67-419e-a783-b167b9de5cdd, 0.6191520467836258, 0
229e18f9-5e8a-4289-b7f5-c78ae5b7981e, 0.618421052631579, 0
6f22d0c4-b78a-4f72-bb1d-9a8f85ad3f12, 0.618421052631579, 1
80c6dd8a-3d90-4a1a-85ee-717fe5629255, 0.618421052631579, 1
9d6928c9-587a-40aa-9e05-7e60b8642a02, 0.618421052631579, 1
a733977e-c9f6-4916-b34b-2b73ec7aaeb5, 0.618421052631579, 1
e70f93f0-76b3-4e00-82a9-8d723e3e0537, 0.618421052631579, 1
e96c1092-b695-4107-b32d-58a650da3228, 0.618421052631579, 1
f27eb29d-535b-4a0f-9908-1220760d8dc2, 0.618421052631579, 0
7ecf5bfa-95a8-4b0f-8db8-a8fdd8ec0a38, 0.6176900584795322, 0
0124a05b-d2e0-4453-8bf4-d4a646a33544, 0.6169590643274854, 1
0456a551-675b-41ae-bf3b-58e46476ce41, 0.6169590643274854, 1
096df63b-12ee-4d4e-912c-f86216b08192, 0.6169590643274854, 1
13615f17-00f6-4dfe-a8aa-d8a6116667b4, 0.6169590643274854, 1
164f1fa8-9167-4ae4-9712-8918ac87f315, 0.6169590643274854, 2
1794e52b-dfb5-4f3e-9164-ce768ae33449, 0.6169590643274854, 2
1ddbe8f3-a91f-4460-ae79-4f708fa31cf0, 0.6169590643274854, 1
2af88cb7-8fa0-44a9-b7f7-1e5a464849e0, 0.6169590643274854, 1
2d620cdd-db7e-4dbf-bdfc-c45ae4d11ef9, 0.6169590643274854, 1
30965ed0-1285-4c66-9bd7-d33c78de57c5, 0.6169590643274854, 2
32ec9ae0-0f88-4ad6-9354-e39fbb7ca9f9, 0.6169590643274854, 1
47620123-830f-49eb-88ae-93d503992bb1, 0.6169590643274854, 1
47da0949-af6e-4b53-b5dd-e574892db3cd, 0.6169590643274854, 1
4eec26a5-0fe1-4c55-a64c-427df055761e, 0.6169590643274854, 1
58538498-8f77-4183-bba6-e3c748cb354a, 0.6169590643274854, 2
5d5e3cad-80af-495f-bb6c-4ea778853e08, 0.6169590643274854, 1
7dbfe0c9-eabb-4d4e-9442-d30370c3a296, 0.6169590643274854, 1
97a809d1-5e92-4d9a-901c-78f9e47719ad, 0.6169590643274854, 1
9884b25b-a896-431f-874e-36065a05eddc, 0.6169590643274854, 1
98fa5f99-1c41-41dd-9d10-a8ddba170b6b, 0.6169590643274854, 1
9f9c5c14-b8c3-4c07-acaa-47c1cfb31ae0, 0.6169590643274854, 1
b039700d-a239-4e1c-a1e7-e65f6950542d, 0.6169590643274854, 1
b2b535d4-5b74-4e03-896e-c7a1c0a6c6ec, 0.6169590643274854, 1
b569eca5-8bcd-49bb-a6e5-a91bc6cd538a, 0.6169590643274854, 1
becf6df2-c47b-4eab-828c-390fc60a9cce, 0.6169590643274854, 2
cbd54be7-7a8a-422d-b0a2-bc09e21dd779, 0.6169590643274854, 2
dff93209-3016-4d48-b2f1-d9d904a3cfa5, 0.6169590643274854, 1
e9361328-b021-4c01-8e44-cca0212d9bad, 0.6169590643274854, 2
ede1fefd-66cb-4e2b-b24e-07018085d4a9, 0.6169590643274854, 1
f9d02ec0-12a9-41a4-a3a7-d534a74c7e2f, 0.6169590643274854, 2
fce4ce11-9a51-46f0-95c9-230c1cabf510, 0.6169590643274854, 1
8c440241-f549-459f-877f-4dd518dcb6b6, 0.6147660818713451, 0
a47dba21-2ba4-4542-a614-271304fdfd60, 0.6147660818713451, 0
e535c2e8-a986-4028-8c38-80e5af568899, 0.6147660818713451, 0
05639955-44ca-4463-8a22-b9c24942ce48, 0.6133040935672516, 1
484696ab-72f6-42a5-b2a6-bd93bb9a9a11, 0.6133040935672516, 1
4a482edc-6a4b-4ea6-8168-63ba06928110, 0.6133040935672516, 1
0f0c67e8-aef6-4b9b-aaa3-152060bff24c, 0.611842105263158, 1
78a4d28b-0a4f-497f-b0f4-5abbccda519f, 0.611842105263158, 0
7b575d7f-de48-46dc-89df-8ae310b0542c, 0.611842105263158, 1
a521c1bf-71c9-403c-bdcf-3592c3f56633, 0.611842105263158, 1
b3206a1a-dc59-42a0-9896-495df6041adf, 0.611842105263158, 1
c06c4b49-a6bb-49f6-b997-008c738256e0, 0.611842105263158, 1
c22f8baa-9f8d-4a5d-b305-edb2f0f37f12, 0.611842105263158, 1
e3e3fd16-6f43-4bcd-8bba-4be19f2ac6f6, 0.611842105263158, 0
0f7b7308-6250-4647-a933-d50261bcff09, 0.6111111111111112, 0
1b3e9673-1e8d-48a7-8fa6-ead7a6631ba1, 0.6103801169590644, 1
4f85690e-7208-4dea-878d-4b2578cc8b5d, 0.6103801169590644, 2
585a72c0-0516-4faa-a9ac-51d3de044d47, 0.6103801169590644, 1
5d9a3c87-b28c-4a43-b13d-bf203879aebc, 0.6103801169590644, 2
658c324f-e731-430d-ada1-28b5f163b98e, 0.6103801169590644, 1
6c1535ac-8816-41f2-9526-6859c662cd6f, 0.6103801169590644, 1
77144ad3-5c84-41a1-a1b6-7fea0fde20ae, 0.6103801169590644, 2
8af1c41f-b29d-4461-b327-5c9943fab7a9, 0.6103801169590644, 1
a40c0962-ebac-4775-992e-80006bfa8657, 0.6103801169590644, 0
a8a9c6d2-99d4-4297-bd23-fc000d141acd, 0.6103801169590644, 2
be2d0465-a20b-4dd1-bfe2-e60ba06c6305, 0.6103801169590644, 2
bff50782-c46f-44a6-8398-dc9f7f18bb4b, 0.6103801169590644, 1
d0b71e8e-60c7-4145-b524-9a9d2a9f84b1, 0.6103801169590644, 1
e1a92b25-2512-475b-8c40-50856db85c9d, 0.6103801169590644, 1
e2904af9-74ce-4a21-ac29-1db1a62bac7f, 0.6103801169590644, 2
e769ca05-e508-47d4-9cb9-3b9e0a69b73a, 0.6103801169590644, 1
f81a572e-ed6d-40f6-a1ca-9e4d07bbf189, 0.6103801169590644, 1
3c837b8a-5556-4eb7-8f03-ad1da08033c9, 0.6096491228070176, 0
997b61ad-b885-4823-84bc-aecc80813fd8, 0.608187134502924, 1
44d6990f-ce54-4186-869d-dfe6abd0a872, 0.6067251461988304, 0
b79a9366-c7e0-4938-87e2-d715c5562ec3, 0.6067251461988304, 1
01e22913-817b-48e4-b0c0-09582d69ba4f, 0.605263157894737, 0
04cc8205-b3f6-4d6a-a7fb-8b352d55edce, 0.605263157894737, 1
57d70069-f802-4034-b8f9-1c9b1fd71e08, 0.605263157894737, 0
68c7182e-cfd7-4ebb-a92f-8d6e5307cb64, 0.605263157894737, 1
d4b12112-f707-4c92-ad02-60d65fc7c680, 0.605263157894737, 1
ff1d848a-bf1d-4b9f-b72c-3d27d9fe8d33, 0.605263157894737, 1
1c6a96cd-0e05-47e7-a1ac-cd45ef1d5a5e, 0.6038011695906433, 1
35f188ee-3259-4e44-b416-4f6e324a7abe, 0.6038011695906433, 1
4084963d-79f3-46a8-97eb-3101ca107973, 0.6038011695906433, 1
44e9c6c1-1363-4ba4-821d-fc5afc8a6262, 0.6038011695906433, 1
46b97922-6f05-4598-897b-ba9849ac6f57, 0.6038011695906433, 1
673d4881-e3d6-4436-8765-71558730f495, 0.6038011695906433, 1
6edfa494-d001-4d68-afd5-fa659285c3e4, 0.6038011695906433, 2
8e9f5337-848a-48b1-a153-3f1db6c3431c, 0.6038011695906433, 1
9b3c2ec5-98cc-40f7-bca3-a4b5a5feaf7f, 0.6038011695906433, 1
9b5b3afe-a0e7-42d8-aa5c-170b2a4b0a37, 0.6038011695906433, 1
abab69d8-a921-47a4-ae93-d52f3351759e, 0.6038011695906433, 1
bcf25d1c-398a-4da2-858a-6a534fddea24, 0.6038011695906433, 0
f2eb2cd0-b024-463a-acc2-99e6a9cdd2ca, 0.6038011695906433, 1
ffef78bb-00be-4007-b5f3-0bcbe02299ae, 0.6038011695906433, 1
02fd4248-0afd-44f8-9826-986a790aa042, 0.6023391812865497, 1
0862d0e9-a71d-4114-bc72-f0fcebe45954, 0.6023391812865497, 2
0f6be603-5f76-4b28-9a98-52f74959b2df, 0.6023391812865497, 2
10be3e58-6459-40de-9b3c-2e106fdb343e, 0.6023391812865497, 1
1df27a35-568f-4291-bb06-f7522f909089, 0.6023391812865497, 2
21b3fc1e-7efa-4fb6-820f-add9fdbd52e2, 0.6023391812865497, 2
233d908b-3eee-4368-a53b-7ff3e5e7158c, 0.6023391812865497, 2
23e34a55-23e9-4b72-87fd-df4f2e95c56f, 0.6023391812865497, 1
35ed9b8e-90a5-43aa-af85-6d68afaa7cc2, 0.6023391812865497, 1
36f069ff-e852-41b0-a7ea-9b533c27cff9, 0.6023391812865497, 2
3ac3254b-4232-4bd0-b6a3-00c3639fd054, 0.6023391812865497, 2
3f986478-932b-4029-9733-f47d2dce0e19, 0.6023391812865497, 2
4142b2d7-d3b5-40e6-b926-cf9e232d89f1, 0.6023391812865497, 1
434cb887-9d6a-439f-bc4c-3f7d55f66176, 0.6023391812865497, 2
47effe82-bf4f-40d1-837c-1c11b8fb45ca, 0.6023391812865497, 2
48cd8d72-7902-4860-af0f-6a3919c9161f, 0.6023391812865497, 2
4c286057-19a9-4616-95e0-f400a40beea6, 0.6023391812865497, 2
4e3ee8b7-ec63-4d78-ad7c-8bda4d6b0302, 0.6023391812865497, 1
4fb762b8-75c1-4f40-93af-a6a11e93cfff, 0.6023391812865497, 2
649a2f21-0b01-4e58-9e0b-b5df5c3b524a, 0.6023391812865497, 1
663611cc-84a4-46b0-8096-2a455c32f719, 0.6023391812865497, 2
67058a8a-00d9-4af7-bd32-d03dff35849a, 0.6023391812865497, 2
684fb530-dfcd-4e18-9530-e46385ad06a3, 0.6023391812865497, 1
6954a64f-a6c3-4fca-a564-5b23819dccde, 0.6023391812865497, 2
69ea80e0-7959-407a-b8bc-c8f6ef4d5aac, 0.6023391812865497, 2
6a8afe8f-da51-49d1-955e-dcac18acc0cd, 0.6023391812865497, 2
6fe2ed39-6460-43bd-b9e5-d6fae21af21b, 0.6023391812865497, 2
7565b74e-42f5-433e-8ee2-60ad438aeab2, 0.6023391812865497, 2
7621a8db-2049-4b40-a50a-d374e213c7c8, 0.6023391812865497, 2
83ff52ee-ce8a-49ee-bbd1-1da1081718cd, 0.6023391812865497, 2
843f9fa5-803c-4797-86db-025eea05d4e7, 0.6023391812865497, 2
8add06a9-8ed4-45bf-8823-c38d867afb94, 0.6023391812865497, 2
8d942df4-b3c6-49d6-84ba-6ca94090f1a3, 0.6023391812865497, 1
922ec48c-05da-4175-8223-b44984cd17dd, 0.6023391812865497, 2
926f3825-be5b-48ca-b6d2-70892862e74b, 0.6023391812865497, 1
956cf6cf-5688-4076-bd4a-6bbfb579d783, 0.6023391812865497, 0
9b4ac939-dfc6-4332-a57e-86cc193584c4, 0.6023391812865497, 1
9b4ea4aa-2461-412b-ba0f-54704b55f6b9, 0.6023391812865497, 2
a3cd5644-2996-48d7-888b-2012a9e11798, 0.6023391812865497, 2
a4d0781b-498e-4fc5-855e-f4a5da7842c8, 0.6023391812865497, 0
a615dd17-26be-40e8-985e-914676cffcbc, 0.6023391812865497, 2
abad61fc-8fea-4605-b336-e3fdb8193c76, 0.6023391812865497, 2
acf20337-c784-4d9c-bcfc-04c1e627969c, 0.6023391812865497, 2
b8b3584d-c213-4c01-8292-2cc9b367e487, 0.6023391812865497, 2
b8e88f6a-5159-43ba-a32f-a4d4a08dc3e1, 0.6023391812865497, 1
c02e95cb-1313-4187-88c6-81992d83ffc1, 0.6023391812865497, 0
c122da46-0dae-4709-9b14-e0a912df835d, 0.6023391812865497, 1
c41101c1-c7c5-4e8b-a93f-109a78ae0231, 0.6023391812865497, 1
c7c2de93-d959-4fb2-a2d7-5439fc295640, 0.6023391812865497, 2
c91b97aa-02c9-46d4-99b2-9a40a8d12194, 0.6023391812865497, 1
ca5173cf-e984-4276-b31e-7e45edb26c8e, 0.6023391812865497, 2
cbc6e06c-6329-436d-b471-89f6b68f874f, 0.6023391812865497, 2
ccfc1fd2-a630-4b58-91da-13a6aaaecdd8, 0.6023391812865497, 1
d28fccf0-9bad-4d42-89d6-ec202305e6a6, 0.6023391812865497, 2
d697b357-1101-4c9c-ae04-661d2f1c55df, 0.6023391812865497, 2
db8c2d9f-3965-48e5-9e7b-b0bc848194ed, 0.6023391812865497, 2
dbc0642a-bd61-4ae0-b6dc-343a24a987b2, 0.6023391812865497, 2
dc71df5d-b35a-4e02-a66b-fa7b4e16affb, 0.6023391812865497, 2
ddf00bfe-4aee-47ea-a09f-6a9348a25e2d, 0.6023391812865497, 2
dfabe04c-1f27-4402-8fc6-8fe77a51f572, 0.6023391812865497, 1
e0e89cdc-d015-4c72-a12d-b03f36eff942, 0.6023391812865497, 2
e4fde1f9-f064-4a77-85c8-888dabd12cb1, 0.6023391812865497, 2
e7fcb540-8fdc-4e51-b5af-3d9016fd1dd3, 0.6023391812865497, 2
f1eb9037-5877-47f1-8b6e-bb03bf285385, 0.6023391812865497, 2
f2e0eb21-b321-44a5-aa07-33e2e96bdf4f, 0.6023391812865497, 2
f4d89e17-09d5-4d40-b5ca-1ff6ec7e790a, 0.6023391812865497, 2
f538c344-47a0-4e68-996e-73064dc68991, 0.6023391812865497, 2
f5616fef-9801-4fd0-b60b-fd8c660cecc6, 0.6023391812865497, 2
f6c49bce-a93d-40bf-9a3b-2c31bcc1db4b, 0.6023391812865497, 1
fe3a5de7-578b-4120-bce0-3d8ff08dc972, 0.6023391812865497, 1
1d8473be-2a0f-40c3-8314-7b2e8d314630, 0.6001461988304094, 0
7f0fd8c2-abeb-41db-8400-647cac272ecf, 0.6001461988304094, 1
063f832c-e4b1-46f1-bdd9-e10e3f752308, 0.5986842105263158, 1
173f5946-af0d-4d58-912a-4cb6321f7b48, 0.5986842105263158, 1
25fc448d-a84d-424d-9964-7f5b5e4d7bbf, 0.5986842105263158, 0
629a2416-50ac-4b06-9715-e5d3003dbac9, 0.5986842105263158, 1
b4e87ce1-46bb-4798-aad4-0a8a1f3d1229, 0.5986842105263158, 1
b6190cd9-8513-4ecb-83d7-e9da8fdf2c0c, 0.5986842105263158, 1
e414e513-d2da-4644-ba48-60d00042f364, 0.5986842105263158, 1
f11617d3-d03f-4917-8a96-fcabefff8c24, 0.5986842105263158, 1
0a31d995-97ec-4816-8547-0f1db8252599, 0.5972222222222223, 1
1088a09d-5c1f-4c0c-b719-e38708126401, 0.5972222222222223, 1
15f52fb0-0a94-4fcf-8537-4673d760bc7b, 0.5972222222222223, 2
1e476fca-f5e0-4b9c-98d4-dfc95615d81b, 0.5972222222222223, 1
1f41dc80-c22a-4457-b61c-97c243cc0379, 0.5972222222222223, 0
3cf8de62-c620-41db-a5a1-ed55be6b959a, 0.5972222222222223, 1
3d988ab3-0d6e-4160-89f6-5422fe012107, 0.5972222222222223, 1
4336b6eb-eca7-48ea-837e-9cdb76b81d7d, 0.5972222222222223, 2
5b7aa77e-586b-4f7c-a0db-21e046c4f943, 0.5972222222222223, 1
5bfa101f-fb5f-4537-80c8-ed2b2c37496b, 0.5972222222222223, 1
5dec9128-029f-4351-8fc7-8491318de685, 0.5972222222222223, 2
8e7891f0-e8bf-4450-bbf6-912f245316a7, 0.5972222222222223, 1
8feda710-2b9c-40c7-a6dc-63c975642678, 0.5972222222222223, 1
9fa30bea-5e9c-4cb1-a829-36dffd99a249, 0.5972222222222223, 1
a13ea3c2-0a53-41ef-9225-4b4243c5e030, 0.5972222222222223, 1
b94bc5fd-4c57-42be-8aa4-3c190102b062, 0.5972222222222223, 1
dcb6c21f-028b-4e8d-ad21-1604d165ace8, 0.5972222222222223, 2
de3406d1-dc73-49a3-85b1-00595244b8cc, 0.5972222222222223, 1
e03e0d2d-abf9-489f-b0aa-17a16273b130, 0.5972222222222223, 0
e34b986a-5728-4779-bfe7-237e001ce539, 0.5972222222222223, 1
ecdc4a57-223e-484a-99ff-f8d0d5e2d19f, 0.5972222222222223, 1
ef20ae46-5a21-4fb7-a299-eab2cc95a322, 0.5972222222222223, 1
ff82e5ed-2c06-4138-acbc-7f6687bb15aa, 0.5972222222222223, 1
00274348-6dd6-453f-8cbd-e20aec95dfac, 0.5957602339181287, 1
0587cf09-7a8d-4a77-ac17-d649ad1b590d, 0.5957602339181287, 1
0c17e380-0862-425c-8cf1-824baa6c87bc, 0.5957602339181287, 1
155078ac-bad0-457b-9d57-e6fe39cc7d69, 0.5957602339181287, 2
18a56aa8-2a3f-4d85-91b9-410486c3b5c4, 0.5957602339181287, 1
2784bc25-8db9-400a-94f5-c6c391b5baa8, 0.5957602339181287, 1
27c2dea3-3ff3-493f-8f6d-b9432b53c6bc, 0.5957602339181287, 2
2e53e041-c865-428d-8ae3-eed53aa65150, 0.5957602339181287, 2
2e5d8961-970a-466e-955e-ca085c5c6a02, 0.5957602339181287, 1
3084c657-e683-45d3-9e57-3a659b83e7c4, 0.5957602339181287, 2
30dc2c9c-9b93-4a1e-ae04-f291e1525637, 0.5957602339181287, 2
3691c5aa-30cf-44e0-bc43-7268ed0ac3dd, 0.5957602339181287, 1
53049360-7af6-456c-a206-bd905a7d288b, 0.5957602339181287, 1
53aeead5-5e49-4025-9c83-54abfb7978eb, 0.5957602339181287, 2
579766ae-7c99-4917-b4ae-71de74877175, 0.5957602339181287, 2
5f04fefa-1bf9-4f70-b9d2-61df0b473693, 0.5957602339181287, 2
632c2ab6-ae4f-4971-af4e-5546e02297d4, 0.5957602339181287, 1
6cbe960f-3868-4dce-bd2a-f2383ce792ea, 0.5957602339181287, 2
70029f90-c920-4ab0-b19e-4591b31b7f6d, 0.5957602339181287, 2
72db8307-73d7-4402-9871-79561fdd4dba, 0.5957602339181287, 2
75a6a6b2-eeb3-4ac9-982c-83e2d1b278b6, 0.5957602339181287, 1
7c10418e-df4b-436a-8fcc-3a1c8196264d, 0.5957602339181287, 1
89a4fd4a-693d-49cc-8abe-3814cd6bd420, 0.5957602339181287, 1
8d2e4cf9-367a-4e12-9669-b8e3bfab4926, 0.5957602339181287, 0
92c1802b-1aaf-4dbc-92f6-d1f5f8a38968, 0.5957602339181287, 2
9a8becb7-d90f-4bfe-936f-30dfeba15a11, 0.5957602339181287, 1
a47a622f-4225-4e6f-9a9b-198683f51128, 0.5957602339181287, 2
ae957d39-379b-41b3-9da6-cefe7cad06b9, 0.5957602339181287, 1
aef9583f-60ac-436d-9c91-d638c8ad1831, 0.5957602339181287, 1
b14a5d02-28e5-4902-b3be-742bb522f54b, 0.5957602339181287, 1
b5aef9cf-14d8-4085-9d07-87cb53afc7c9, 0.5957602339181287, 2
bcb89ac3-2151-4455-8c7c-d70149221fa9, 0.5957602339181287, 2
bd8196ee-dd1e-45bc-b6d6-865aa25ad582, 0.5957602339181287, 1
bfeaceb0-f1d3-4ef8-934f-9c17a76051f7, 0.5957602339181287, 2
c96b77a8-0c25-4cea-8b6c-b2076cfbd5a9, 0.5957602339181287, 2
c9dc8804-927a-41c7-85b8-c4168b6cb1b4, 0.5957602339181287, 2
c9e48003-9b4f-4bed-a333-2298d8566fdc, 0.5957602339181287, 1
cc7cf3d9-490a-41ed-b155-e026a73df6df, 0.5957602339181287, 0
d1859fa6-d32a-42d2-8311-cca7fc2f5ac5, 0.5957602339181287, 1
d1a85473-6b78-4463-8a5a-6f039eb42796, 0.5957602339181287, 2
d3d8cb57-308b-478b-90d6-7316e7e4e328, 0.5957602339181287, 0
d4f4a464-a8ad-400b-896a-d163b14834cd, 0.5957602339181287, 1
d70b3c7a-7629-4198-8ec9-0d7d38897678, 0.5957602339181287, 2
d7e4e681-489d-49ff-867c-1d036ca7bd6f, 0.5957602339181287, 1
db20cdaf-c16c-42e5-9fe1-5c53451f3c75, 0.5957602339181287, 2
e16a5316-f460-4c83-b315-87463c363522, 0.5957602339181287, 2
e24e44c9-6c3e-4bb1-8037-e0c482db07d6, 0.5957602339181287, 2
e6c36fb5-fee2-4063-ae98-7e62935f54f2, 0.5957602339181287, 2
e93de1b1-3602-4180-91b4-9a34cede2992, 0.5957602339181287, 1
ea19f851-acb8-49b3-aa84-aa5f57ac7c16, 0.5957602339181287, 0
f050bafe-9465-4a7d-8bb9-c6f9bd57fd53, 0.5957602339181287, 1
f5591386-8332-41d2-9509-03d113e5ea09, 0.5957602339181287, 1
f7fd7ee4-a656-4121-ac4c-c6fa8647e758, 0.5957602339181287, 2
ffcfee82-e3a0-4f32-a70f-7fbc21262dce, 0.5957602339181287, 1
b8fbb31e-3b90-4928-b9f4-48f4a91e3203, 0.5950292397660819, 1
bb6b074d-d855-46e7-8b0b-9ef973514543, 0.5935672514619883, 0
cfb621ef-c09d-4fa6-8d32-7f753d86996f, 0.5921052631578948, 1
e53ed67e-cfcf-4d28-a2b1-32c3156851a7, 0.5921052631578948, 0
140a8c76-c2a6-4bc4-8cd1-70faee984971, 0.5906432748538012, 1
291c4b01-9d0b-47b8-b9a7-80183d69bebd, 0.5906432748538012, 1
3fc2aee2-34f7-4666-b1ce-73abc3cdf3b5, 0.5906432748538012, 1
520cb0a8-2cb2-40aa-9882-c4270cbc8441, 0.5906432748538012, 1
52a13b10-7f9a-45ac-9ac1-52c0ca321fe1, 0.5906432748538012, 2
8193673c-201b-4067-8947-692ba6027e72, 0.5906432748538012, 1
88f91b66-4e45-486d-8841-2fa954011fe7, 0.5906432748538012, 1
b44cb079-8c7e-4d65-b016-8d9c63bc9a74, 0.5906432748538012, 1
b7854d0e-4062-40b0-802e-1768e4d4245f, 0.5906432748538012, 1
be48538b-df1c-4bc3-a10b-9366cfe019e4, 0.5906432748538012, 1
e5e4be84-2628-4921-ad48-598d891d0f3c, 0.5906432748538012, 1
f777c840-2adb-45e0-a495-400cbc8a7c5f, 0.5906432748538012, 1
fd2720a4-1129-4f2e-ab23-10cff788a53e, 0.5906432748538012, 1
11af142c-059a-4690-8e07-9bd2fb77d8dc, 0.5891812865497077, 1
170efb8b-bb99-4065-a73d-9e8eca5faa6b, 0.5891812865497077, 2
19517c0f-fc85-4384-b61a-9a0591d97a59, 0.5891812865497077, 2
4b305f4e-2e58-4322-adab-53dab0253cba, 0.5891812865497077, 1
5afd4615-9c5b-44f9-94fb-a1a1cc63b9f3, 0.5891812865497077, 2
5d3b7fb1-26ff-4129-8fbc-627089c7631b, 0.5891812865497077, 2
78f5f709-0e7f-4120-876d-26c899528ddf, 0.5891812865497077, 1
8851e3a1-f5e6-45e7-b5c5-25c5c058df2c, 0.5891812865497077, 0
9dbc7f02-14e0-4973-a2b4-366b10fb0814, 0.5891812865497077, 1
c11a870a-d6ca-4635-ada0-17ebba02d4c8, 0.5891812865497077, 1
ca207cec-7aab-46e3-8093-15fdaeff71d4, 0.5891812865497077, 1
cc3ec5e9-f9ec-43c9-91bf-38404d83eb6d, 0.5891812865497077, 1
dca7ddd9-fc3d-4ad8-93a3-ab580bff9963, 0.5891812865497077, 2
f11e6f8b-e9cc-4ad3-8f84-f3c6326076c4, 0.5891812865497077, 2
f6cd9eee-8323-4a6b-b997-4beaf9c3ccab, 0.5891812865497077, 1
ff041a7d-871f-41e7-b87c-328231b89e59, 0.5891812865497077, 1
35b6aa98-a343-49cc-b1e1-0ed6a0c52acd, 0.5855263157894737, 1
3fbbec5b-f60c-496e-857b-d070ac8b986c, 0.5855263157894737, 0
7d1132a9-b3ac-485a-916b-be647e72d745, 0.5855263157894737, 0
e9623e43-d95d-4141-8bf7-bb1f4c158441, 0.5855263157894737, 1
eb457f3e-3e55-4693-b53c-e271e52a5196, 0.5855263157894737, 0
16e495c8-63c6-47f6-98f2-9f00d740edf2, 0.5840643274853802, 0
1a77d26f-2720-404a-93fa-0597fba9ef38, 0.5840643274853802, 0
1cb33992-2ca5-486d-b01e-596c2fcf0c2b, 0.5840643274853802, 1
35daf1bf-782b-4a2f-8764-b34d7feb75e9, 0.5840643274853802, 0
62e33839-2750-4ae3-b055-d736255f596a, 0.5840643274853802, 1
66e9c38c-36ac-49f8-b349-ffdda7f3dc0e, 0.5840643274853802, 0
81eb40f8-f744-4f00-93f3-d05fb3ef820f, 0.5840643274853802, 1
8901f219-65fb-4d6d-9080-f9ae42bec4b6, 0.5840643274853802, 1
afc88238-2358-40eb-8580-b51225d2879e, 0.5840643274853802, 0
2dc01abc-f1f0-4643-ab88-2113e8f4ad2e, 0.5826023391812867, 2
8ce2c045-adfd-4811-9d0d-5be315cee3ce, 0.5826023391812867, 1
960827be-8f53-4d5e-914e-6247159250a2, 0.5826023391812867, 2
9fafffdd-11c7-4efc-8964-b30f8a393ce8, 0.5826023391812867, 1
a84358d0-62d7-4f67-a708-1ce854f23bb2, 0.5826023391812867, 1
0004e1eb-8239-4e42-b68a-448cb3d83d3e, 0.5826023391812866, 1
09f88073-d2a6-4b3a-af74-3824831402de, 0.5826023391812866, 1
3394749d-b4d3-46b9-ba96-abdaf1ff7e47, 0.5826023391812866, 1
34692870-cb1e-4f57-ad9b-b2e5bf40a619, 0.5826023391812866, 1
3f18f6bd-dd7c-4ea3-9fa4-172011f7d785, 0.5826023391812866, 0
44d97e88-c130-49b5-bc52-17b2420879a0, 0.5826023391812866, 1
485e63da-20c3-4cb0-8e72-9ce63637dff4, 0.5826023391812866, 1
58165267-136b-4188-a223-035c4273cb57, 0.5826023391812866, 1
58f170a0-8868-48e8-a493-ba803b22f339, 0.5826023391812866, 2
5b6a449d-eb1a-4662-841b-42f2a9b88b4b, 0.5826023391812866, 2
71d8ad0d-440b-4211-9198-f00f8e6029a7, 0.5826023391812866, 1
a2b763c8-51c4-45d6-ac64-622ffb69380a, 0.5826023391812866, 1
cd218ad7-33ca-4c6e-b2d9-8206abfaea5c, 0.5826023391812866, 1
f47d8b00-9478-476f-848f-a1103d3387f8, 0.5826023391812866, 1
ffd569e9-4fbc-453c-9709-e9756014798e, 0.5826023391812866, 1
3b30433a-20f5-406d-880a-5378ef367bb5, 0.5804093567251463, 0
b5d439c2-7df7-4c09-a2aa-cc8b5ce4ea2a, 0.5804093567251463, 1
1db0e578-0b26-4f38-a02e-b2462cac8d72, 0.5789473684210527, 0
3b319c01-23cb-4e11-8541-c20c0de015df, 0.5789473684210527, 1
5508efb0-0f35-4ae5-8564-cb1a87ea0255, 0.5789473684210527, 1
d92bc933-1d0c-446c-8764-df20b2a2ea9d, 0.5789473684210527, 0
e8d9c2f4-409f-4959-ba5e-6d1955068c8d, 0.5789473684210527, 1
4f7055ca-aada-47d1-a67f-411671621818, 0.5782163742690059, 0
1deda356-b748-4eed-bf0a-0cdca47f3caf, 0.577485380116959, 1
21f96a0c-1268-4b9d-abd4-7676762be4e2, 0.577485380116959, 1
4108422d-d703-48d6-90ce-4ceb79cc552f, 0.577485380116959, 1
00b822b4-8906-46ad-81de-781ab3e5c9d8, 0.5760233918128655, 1
157cda99-b6fc-4934-889b-475f66230e72, 0.5760233918128655, 1
1acca46b-2cc7-48eb-9086-ed78a39537a1, 0.5760233918128655, 2
1d55f28a-da50-4992-a96e-97b4d9904d0c, 0.5760233918128655, 1
34ffe3be-37f6-42b9-b563-572769508e2f, 0.5760233918128655, 1
44f499c1-be77-4ce5-935d-617e31fb5d40, 0.5760233918128655, 0
727c25cc-0cd7-4cea-a197-f64ab6ad8f17, 0.5760233918128655, 1
9d6733f7-67e9-4d1b-865d-58855c6c72c5, 0.5760233918128655, 0
b938632f-600e-42b7-aac8-73c2aa08ebbe, 0.5760233918128655, 0
01a692ef-ee08-412e-bee2-3cc37012d0e2, 0.574561403508772, 2
0fce475e-a6a7-486a-aa0d-61b55c1f928d, 0.574561403508772, 2
18f4021a-f9c9-40d8-a28c-e1897e499dfb, 0.574561403508772, 1
22e728d5-6986-4d57-9f9c-5985d6facc79, 0.574561403508772, 0
22f0beae-e216-4c4f-8a5a-581effd66be3, 0.574561403508772, 1
27056316-c82d-4345-bd08-dc6cbd36e759, 0.574561403508772, 2
2e9ea374-996e-4dd4-af11-1d49460bad87, 0.574561403508772, 1
2f3ce395-5f08-4815-9785-3de61045f8ab, 0.574561403508772, 2
312ded90-8caf-4bbe-a0aa-09afe8db50bd, 0.574561403508772, 2
3fe0e361-e1a4-4f94-b41a-453c10f17820, 0.574561403508772, 1
40076077-4c89-4c78-94c4-cabb4e4d486c, 0.574561403508772, 2
4c9117df-1c95-4b4f-82b8-baae78a4c1cc, 0.574561403508772, 1
50051a9b-d00c-4fae-bb97-d09a8f1ccd3b, 0.574561403508772, 1
588e30ae-8d85-44f9-80e4-17a2f3701ccd, 0.574561403508772, 2
5a46700a-8228-4242-b274-a0e338dc29e0, 0.574561403508772, 1
5fbb6378-5ad2-4486-9caa-e84f259f1c84, 0.574561403508772, 1
657242d4-60a5-45ec-b870-64190d9cd68c, 0.574561403508772, 1
6f12bb71-1cf9-4a69-987b-27b38a032edc, 0.574561403508772, 2
75c8baf4-688c-43da-bca3-2cd71c21fa9e, 0.574561403508772, 1
7628dfb7-51ba-49df-ae28-842007566975, 0.574561403508772, 2
7ceab13d-2543-4b68-911d-908e67861d87, 0.574561403508772, 2
7e211e24-2e12-4cfb-9d1d-3494095e1b60, 0.574561403508772, 1
7ee482b7-4535-4834-a1fb-d97f09b56a69, 0.574561403508772, 1
87c610a0-a1b9-4098-8ff2-b69d4c7405cc, 0.574561403508772, 2
883b7ebb-6e2f-4b54-93c5-9e8d0fff8c7d, 0.574561403508772, 2
8df096da-c075-45c3-84de-727e6bf5da76, 0.574561403508772, 2
8e7290c7-88a4-4168-8172-540bdad7887c, 0.574561403508772, 1
92c00d46-a0a4-49b8-8b3e-5e68271e8e46, 0.574561403508772, 1
94257fb4-9dd2-43b3-98db-4f1afea370dd, 0.574561403508772, 2
99e9be4d-8f7c-491c-8de7-89de3d825950, 0.574561403508772, 2
a0da13ae-ed1b-44ff-a798-3bdefab44b96, 0.574561403508772, 2
b62fda83-6476-477e-9618-0a6156503cf8, 0.574561403508772, 1
b84a28eb-8921-42d5-a86c-84f8dee68fff, 0.574561403508772, 2
bbe2ee4a-b598-46fb-b5df-b2ba6e71d32b, 0.574561403508772, 2
c1a9c814-810e-4771-b3b1-dc2578cbc900, 0.574561403508772, 2
c1f5dddd-9565-4c17-88df-3d88117fde19, 0.574561403508772, 1
c2111c0c-c6e1-44ca-b05d-b618a0c0386b, 0.574561403508772, 2
c7b5b8a1-c0e6-43d6-b5cd-91e7f8825481, 0.574561403508772, 1
c87cd3c7-a93a-4959-8bdd-963d38d8cbd7, 0.574561403508772, 2
d0d0b3a2-5981-492f-9fcd-b1372c6b2f51, 0.574561403508772, 2
d2ba9f95-bd7b-4219-ac20-93fde8efeef6, 0.574561403508772, 1
db8cdf66-aba6-4363-80fe-512de14c3219, 0.574561403508772, 2
dc811b1d-f6f0-482c-9c76-d9f40927fb7c, 0.574561403508772, 1
e3cfc2d0-2b67-47f7-847c-57e956f1ef23, 0.574561403508772, 2
ed4c65da-16c2-4713-b08c-7d5d3d1cde7d, 0.574561403508772, 2
eed985f2-7714-4c63-9636-b13ed0042acc, 0.574561403508772, 0
fadebc15-e6d5-48f1-b086-cb949ddde57a, 0.574561403508772, 2
fc570101-542d-4c59-b29d-db1323b2e5c0, 0.574561403508772, 1
0cbfc788-4338-491c-8f48-3a4f2e209412, 0.5745614035087719, 2
122518fd-d92e-489b-8090-d6b6567046b1, 0.5745614035087719, 2
19978678-0c58-4d04-8dbf-5e250aa4ace8, 0.5745614035087719, 2
1d558c66-d3cc-4638-ae5b-6db55492749f, 0.5745614035087719, 2
1e806b2a-8913-4e8a-b3d3-2a4de94913fb, 0.5745614035087719, 2
229bd8d3-75e4-4690-bad6-ec15d63a96cc, 0.5745614035087719, 2
3c6489da-153a-4387-8fb8-82f192fd36a7, 0.5745614035087719, 2
56a2c81d-5de1-4fbf-a677-7593e5c67048, 0.5745614035087719, 2
6228d89a-9ee1-43b6-b8c1-8f8821827328, 0.5745614035087719, 2
6b08ae75-cbb6-45dd-b2cd-00e7b7f8a935, 0.5745614035087719, 2
70ad2779-d662-412b-8b3a-b91a73c7aa81, 0.5745614035087719, 2
74a1d227-5bf8-493b-b31a-58ba93c1b801, 0.5745614035087719, 2
7af54072-9a67-4937-9f38-93c1c0ceed6a, 0.5745614035087719, 2
9b85e23f-2eb9-4338-bdeb-72eec27f12e3, 0.5745614035087719, 1
a3a681b8-1c7d-4590-a58b-4ca8469d5a6b, 0.5745614035087719, 2
c1a285a9-98d8-465a-962a-2a02dbf0433e, 0.5745614035087719, 2
c794220e-bc8b-450a-8558-c5c472ab8ba7, 0.5745614035087719, 2
cd4eebf0-5dd0-43c3-ae1e-40a653dbca4b, 0.5745614035087719, 2
d9355267-4d43-4dc9-9d20-2b66b9cd735c, 0.5745614035087719, 2
e29e02a5-ef0b-40a5-bcc0-216973954c9e, 0.5745614035087719, 2
e2b78544-8e76-4732-b6b7-eb91f8d948b6, 0.5745614035087719, 2
f29a2bc5-e508-4c85-adc5-a857c6c35386, 0.5745614035087719, 2
d366663a-8e50-4445-835d-a657507b57b7, 0.5738304093567252, 1
4843ae41-dad2-49f3-bd58-8d2eeec041db, 0.5723684210526316, 1
49948a09-703d-4907-9810-850c31e69704, 0.5723684210526316, 1
531e0f63-aeb7-4a6c-8905-89d87cfd9fd6, 0.5723684210526316, 0
56a011f3-b1e6-480a-abe8-5e774701178c, 0.5723684210526316, 0
e1da530c-d6ba-4ace-8d29-4eec951b8ab3, 0.5723684210526316, 1
10f75c5d-dc62-457e-9286-b0c31039329d, 0.570906432748538, 1
4f619b6c-fbf4-44bc-8248-44dbfbc3acfb, 0.570906432748538, 1
715d4209-9ff0-40b2-9272-325209ce709f, 0.570906432748538, 1
9336421c-4615-4103-bb72-2c7bf8af24e1, 0.570906432748538, 1
b7248dea-4c9b-4b75-a187-1a6d175945a7, 0.570906432748538, 1
0baa061c-f9fa-4e81-8c19-3f5788cbed94, 0.5694444444444445, 2
d67b8687-bcc5-4b60-a889-5f9423174fc9, 0.5694444444444445, 1
de13f6da-10e2-484b-a4df-0e8879ada42d, 0.5694444444444445, 1
ec70883a-b43c-4737-8199-b47d7c7a022f, 0.5694444444444445, 1
1c82b164-afc5-46ba-a457-16306bbc8355, 0.5694444444444444, 1
3153eb90-0e49-49bb-9d70-81ae3c36bf02, 0.5694444444444444, 1
335630e8-2b58-4a9c-8d0c-bf155629ea3d, 0.5694444444444444, 1
685ba7c6-ba79-4fa6-83a0-fab12885f158, 0.5694444444444444, 0
69534d58-59cd-49eb-9215-743c85ea80e3, 0.5694444444444444, 1
73d73334-6fd2-47a3-ab17-952ed4622671, 0.5694444444444444, 1
844da923-405c-4367-be0a-f33ac8fc1aea, 0.5694444444444444, 2
9166010a-0ef3-4a4a-aef9-5f4eb62a542b, 0.5694444444444444, 2
92228331-6671-4818-b029-507062ca5388, 0.5694444444444444, 1
b40b1389-198f-4116-801d-f1dc6d6532dd, 0.5694444444444444, 0
c860259e-2cee-432b-9d84-636fee997861, 0.5694444444444444, 1
d17bf4b2-5f75-4756-abeb-b757b5223aa0, 0.5694444444444444, 2
ec43c633-d271-4cbc-adad-0de081056f1c, 0.5694444444444444, 1
fbe75089-f8a7-4840-80a2-7fcf00bc4b1b, 0.5694444444444444, 1
01b7fc85-a2dc-4256-bb7c-8f2c0913bc0a, 0.5679824561403509, 1
0566e5da-57f9-4f09-87ec-973338afee04, 0.5679824561403509, 1
10b4ebb3-cc84-4602-a005-9d44ef3855f0, 0.5679824561403509, 0
148ae71f-f733-4045-924e-253fc2c82f3c, 0.5679824561403509, 1
1be11833-7f59-48dd-bd2b-f4eb76e24d1e, 0.5679824561403509, 1
27b0c027-cd76-4798-a586-35f6efa3a0d3, 0.5679824561403509, 2
470fb046-d58d-4938-8a79-ce7c0069c713, 0.5679824561403509, 2
48f813c1-c90f-4d06-8b8f-baccf7d7f0d8, 0.5679824561403509, 0
4b230462-0d55-40b7-9934-9bf94617d19d, 0.5679824561403509, 0
5211646d-34d5-447a-956c-21e686340c1d, 0.5679824561403509, 2
592618b4-bff1-4585-8a94-ebb84d79b142, 0.5679824561403509, 2
5e96a443-ec84-4d26-bea9-1d8a04f336a2, 0.5679824561403509, 2
7d0699d0-0fef-4081-a9ad-b7d809cbcd5b, 0.5679824561403509, 2
8570bee4-5dd4-467f-930d-22ecbe3c735b, 0.5679824561403509, 1
8f1fa12a-24e5-4794-9c0c-fffe35effb7c, 0.5679824561403509, 1
907277a2-37e8-427f-87c9-9b178903fec4, 0.5679824561403509, 2
9a2ff3e5-2212-48ae-acb7-40f351a573b5, 0.5679824561403509, 2
a566b23e-bd2f-4386-9336-c8c9460257b3, 0.5679824561403509, 1
ab7db8af-1aa9-4e4a-b528-0fe3962af2cb, 0.5679824561403509, 0
b4a28bc0-6291-46f3-bd66-c84f055dc62f, 0.5679824561403509, 2
ba8c5c2a-b442-418a-9a9e-fdf84a2e5b2b, 0.5679824561403509, 1
bc96fcc5-5d24-4767-9b26-4e77ed17a1c0, 0.5679824561403509, 1
bf2c4ad3-878b-479a-8b0d-66f845a8212a, 0.5679824561403509, 2
c0f495ea-fcff-4223-88ae-8143ed7da03b, 0.5679824561403509, 2
c5c47c77-fe7d-4268-a913-1716d3e70c05, 0.5679824561403509, 2
d3705bab-31e5-4014-bf16-cd1bcbf0de56, 0.5679824561403509, 1
e263152c-6c68-47a4-b160-902143200272, 0.5679824561403509, 1
e474a9ea-1968-404c-961e-93c78007d34e, 0.5679824561403509, 2
e7f89f85-849c-4006-9df7-13af4c779874, 0.5679824561403509, 2
eb1e9c47-d2bf-46e2-a5aa-c184b9d683df, 0.5679824561403509, 2
f28770bd-78c6-46c2-aff0-87d280cf2515, 0.5679824561403509, 1
f6c967d8-23e1-480b-9cd0-e0d9156a6c51, 0.5679824561403509, 1
fef216bf-fe30-4a81-aa27-afc841676a1d, 0.5679824561403509, 1
000e4da2-0e5d-445a-94c5-2c98184fe838, 0.5679824561403508, 2
0c082632-5c3f-4793-abc6-d4dbb5587ab9, 0.5679824561403508, 2
102f3f4a-b731-46c2-91a3-ea72fab11ea5, 0.5679824561403508, 2
11d0c355-6292-4f88-bc26-39b982288956, 0.5679824561403508, 2
2e9c71e5-84be-4258-b2c9-8ff7e5fbe067, 0.5679824561403508, 2
9ef67b41-ed65-4266-9b5e-70d96b890b5b, 0.5679824561403508, 2
c10331f4-5b99-49ea-a646-5d0d4046e647, 0.5679824561403508, 2
d8a8c438-8c17-4f4a-9ae2-dece056370b7, 0.5679824561403508, 2
f8f69279-fee1-41fa-970b-c80ab6cc8c23, 0.5679824561403508, 1
ff0ac900-9ff6-4d89-92fd-0b49771b145d, 0.5679824561403508, 2
2b6851a3-c5ae-484e-a2f5-2101d3a255fb, 0.5657894736842106, 1
a3e94ad1-8352-4eb1-af9f-877d631db8ee, 0.5657894736842106, 1
22e7e670-1648-4f22-81f4-bb0500234447, 0.564327485380117, 1
417285ea-e1bb-4567-aa85-1e35e5738069, 0.564327485380117, 0
8408d37c-519d-466e-a767-f4cd5bb4f94e, 0.564327485380117, 1
16dc0685-d9fa-4b90-ad32-054c696e7c9a, 0.5628654970760234, 1
419171b0-f6cd-4ada-b2ec-ba7ed50df846, 0.5628654970760234, 1
4f80fe1f-5377-4394-8db7-32e4904f11cd, 0.5628654970760234, 1
76e897bc-c65b-484d-abe2-61e773710fa0, 0.5628654970760234, 1
80090397-2465-420b-b5ac-a6869679cb6a, 0.5628654970760234, 1
ac9e81fa-a9c5-4fa2-a78c-c2a07676d079, 0.5628654970760234, 1
d18985ae-3ad6-42b2-8f62-7c70ccae0128, 0.5628654970760234, 1
d677b3b7-bbe4-459c-bb78-a557b58881c0, 0.5628654970760234, 1
6985ddbb-00c9-4733-92a1-95af634235cd, 0.5621345029239766, 0
0542ef84-3e7c-4dac-a65f-f21e4d6d8c9d, 0.5614035087719299, 2
090e6894-742d-449c-afad-d9abb1dfbbff, 0.5614035087719299, 2
0d275413-589d-48df-8ef3-64ac1db48022, 0.5614035087719299, 2
10ae517a-be4f-4229-a1e7-53ee24695583, 0.5614035087719299, 1
177d2749-4689-44b1-addb-dc37f91652c7, 0.5614035087719299, 1
1b0a5e63-2f38-47ae-849b-312cfda50768, 0.5614035087719299, 1
2aa01ed4-e8b7-4687-bdc1-c803eb195e55, 0.5614035087719299, 1
33cc9318-874f-4a2c-9228-81b65ffbfc42, 0.5614035087719299, 2
475d60b2-8210-47c9-b139-4994f33ad044, 0.5614035087719299, 2
49da8bf0-a328-4fac-a4a0-352529d75bb6, 0.5614035087719299, 1
4a6418fa-c6a9-4e6f-801e-aa179b32dbbc, 0.5614035087719299, 2
4b4a7e49-1620-4622-9549-ebce3177d73a, 0.5614035087719299, 1
5a2800bc-f60c-478f-9354-d5813c556909, 0.5614035087719299, 1
7ee5fe65-5d59-44ac-bcfe-59ec8ed78f2b, 0.5614035087719299, 1
80fab8d0-8fca-4c65-926e-5216ad4f929a, 0.5614035087719299, 1
8ca6d4a8-e721-4a9a-9cbe-a610fd53f179, 0.5614035087719299, 2
98938486-ebea-4b6d-991e-37f8f3feebf8, 0.5614035087719299, 1
9bd87cbd-a5ef-48d4-9ed6-2b3996ba1711, 0.5614035087719299, 2
a2ed3a23-3906-494f-a181-fbeb95cbfbfd, 0.5614035087719299, 2
ce38fdfe-0e66-48ca-a103-6dbee824a87f, 0.5614035087719299, 2
dc791259-4343-4f2b-95c1-6abda71934c7, 0.5614035087719299, 2
e28bc6cb-6040-47e3-a4f2-342e6f049226, 0.5614035087719299, 1
e377a2bb-8bba-4acd-8f79-46f4a8621d3a, 0.5614035087719299, 1
fe170645-7a8d-4e5f-b229-e40e9b6ccc24, 0.5614035087719299, 0
9b46fd8b-af46-4416-85d7-30da5ce2dda6, 0.5614035087719298, 2
d6a2dfe9-850a-4aef-8653-cd26e86c6c47, 0.5614035087719298, 0
fe7f51e5-db91-4095-a07d-d4243b0fdda2, 0.5606725146198831, 1
04d606ba-3e41-4d90-9ce1-503e6f1ea525, 0.5592105263157895, 0
5ea7ae82-a332-44d6-91fe-818756c67343, 0.5592105263157895, 1
10a5d37b-24c5-4b9e-8135-b7e7936ce384, 0.557748538011696, 1
39924a71-43d6-4ac0-9d4c-8c706df75c75, 0.557748538011696, 1
85ccf7ea-8d3d-46fe-8962-1287a15e535a, 0.557748538011696, 0
8abd7bfb-4c3a-4233-aabd-0261bfb7535a, 0.557748538011696, 0
be25233f-e7e1-4181-b614-2cfd354470e0, 0.557748538011696, 1
09fc0092-5c82-40f7-a8ef-4fd72a910c0b, 0.5562865497076024, 1
1af40a34-a0be-4339-9458-a62008178212, 0.5562865497076024, 1
3a25821a-910d-4859-b17c-29ebbea24e7a, 0.5562865497076024, 1
51fada2b-ae71-4f91-a29d-d92126f5b421, 0.5562865497076024, 1
8e0053ae-e5d0-49e2-87e7-15f0a494fbba, 0.5562865497076024, 0
c9b65799-f0c3-4d32-ab11-9bcc572dc9f0, 0.5562865497076024, 1
da2d7329-2a14-4f26-85be-73fb3714163e, 0.5562865497076024, 1
edb872dc-9d2b-4ca0-87ca-b6fd3005252d, 0.5562865497076024, 1
f6a517ad-3c7c-4851-8245-dba053ba1fc2, 0.5562865497076024, 1
056a6ba3-e33b-46d1-a05c-de2e0b65550e, 0.5548245614035088, 1
07246711-95df-42a3-8766-ff4c36f223d6, 0.5548245614035088, 1
3f8ce95d-e361-47cd-b43b-eb53ab89c67c, 0.5548245614035088, 1
534ade6a-c91a-49ce-8a44-be025f83fbc2, 0.5548245614035088, 2
5616865e-066d-408a-98cb-54cf64843f59, 0.5548245614035088, 1
6a0d8644-a3ba-4511-a1ff-703b1e80389e, 0.5548245614035088, 1
8357429d-ad46-4217-ad6d-d72382fed324, 0.5548245614035088, 1
84462fab-d9d2-4dd1-bee1-be296d8bf8ab, 0.5548245614035088, 1
8615750a-0696-4602-bbb1-1b6cacdf57c1, 0.5548245614035088, 2
976a6b89-5c19-45d6-9d0f-fd8b09dd612d, 0.5548245614035088, 2
adf852a5-3fb7-4616-8845-6ca58d4a9b93, 0.5548245614035088, 0
be38fd97-42b0-4036-b69f-0f57a64db039, 0.5548245614035088, 1
cfba915d-f94e-40b9-ad55-375029947f8a, 0.5548245614035088, 1
f67b0107-2a7d-4ac5-8388-f96ee3f74fd6, 0.5548245614035088, 1
22a3c1fa-b298-4c16-b4ef-2961ee8176ec, 0.5540935672514621, 0
e933aef2-10e7-4b7d-9d2d-73e03fb6a328, 0.5540935672514621, 0
850a2e84-0f9b-4a92-99aa-ba0d470006c0, 0.5526315789473685, 0
00250b83-08c3-4b02-acfc-e9305e23bab9, 0.5511695906432749, 1
1e28e499-b5c6-4607-a1fd-3a773802775b, 0.5511695906432749, 1
c04732ac-007a-4886-a1a7-57e80737a6c1, 0.5511695906432749, 0
e40ca59d-f690-4dfd-8cd6-60960f13b984, 0.5511695906432749, 0
0588564c-5235-4c73-b184-bc55a7a1793e, 0.5497076023391814, 1
1f2a870c-63d3-45d6-8c80-48455416b5f6, 0.5497076023391814, 1
32d0b32c-1c50-4c93-bd8d-8433551377bd, 0.5497076023391814, 1
85f3bef5-5c59-4f64-949c-18c19f61b0b3, 0.5497076023391814, 1
8dc82b66-6201-41d9-8c39-79245915ae32, 0.5497076023391814, 2
99ff9ce6-ca64-4726-82f4-64e536b78c60, 0.5497076023391814, 1
b360b151-ab8c-4645-a9fa-58147a5512ca, 0.5497076023391814, 1
d06de146-613f-4f2b-929f-e2e1cfa153e4, 0.5497076023391814, 1
ee55176b-de05-4e39-98ee-1dd03bceb9e2, 0.5497076023391814, 1
f010d5c4-3bef-4003-950b-0651828a8c81, 0.5497076023391814, 1
0bf9b735-90b5-4c4f-bce5-aba3f01930dc, 0.5482456140350878, 1
114336ce-172e-4663-8df5-4ddb24c49719, 0.5482456140350878, 1
247dd83a-e8cb-4384-8c38-51d1bbc09d3c, 0.5482456140350878, 1
2fe4d261-bfec-43aa-a088-0d6b00598cd6, 0.5482456140350878, 1
37e6acac-f1e5-40a3-94b0-8351c4b2d9f9, 0.5482456140350878, 2
386c34e5-9a16-4bc9-acd4-3c041e34afb0, 0.5482456140350878, 1
451f2491-e30d-48f3-9f55-0d96d936e4d2, 0.5482456140350878, 0
98f40c92-5b3a-49b9-bbf1-261413fd8276, 0.5482456140350878, 1
d1622025-48b9-421f-9fb1-35e50a9af823, 0.5482456140350878, 0
d4b78d59-65e0-4d6e-aaa3-6ec8beef501c, 0.5482456140350878, 1
e8a9f975-9a19-43b8-8aca-d991cbc6dc32, 0.5482456140350878, 1
432d9c3a-32bb-47e8-bd9c-972640936eee, 0.547514619883041, 1
7a752a4b-7d8b-4d41-bb2d-f42a27fb6968, 0.547514619883041, 1
09b3ae16-a5a3-4747-87d9-71540fbbd7db, 0.5467836257309941, 2
10983e45-c496-499b-bf98-95b587cd8e37, 0.5467836257309941, 2
10d8cd45-9f01-482d-9e57-22376212a658, 0.5467836257309941, 2
167093d3-d1e3-4c64-bac9-a3060604df87, 0.5467836257309941, 2
19b13cce-4918-4ae3-97ee-fe97435ca512, 0.5467836257309941, 2
1a70aa4a-17a5-4359-9c2b-64fa936a5012, 0.5467836257309941, 2
1baf5ba3-92a1-4afa-93b8-df605ec87e9f, 0.5467836257309941, 2
233ab35f-580b-4eda-945c-d319d13d8807, 0.5467836257309941, 2
26e7f716-6f84-4308-8ccc-3ae616c3ae2c, 0.5467836257309941, 2
28103cb7-336d-49ef-aa78-fd7aaa131247, 0.5467836257309941, 2
2c2baac9-47bb-4a69-a956-9ac189f77438, 0.5467836257309941, 1
2c608306-089a-4773-a982-5ee4029c0320, 0.5467836257309941, 2
2c95b03f-2b8b-4ea0-9710-8055099da92a, 0.5467836257309941, 2
2f4eed4f-9fab-4358-9231-20dd62c16825, 0.5467836257309941, 2
30cea1ff-d0c5-4ec8-9aab-da5ecd25f03a, 0.5467836257309941, 2
31e42f7f-5fd0-418e-83a9-cedbd11289b6, 0.5467836257309941, 2
3510b948-d00f-4583-bda6-e20de66b672e, 0.5467836257309941, 2
38475d2b-18ab-43a1-a1e2-54a4be4f4ed9, 0.5467836257309941, 2
455c8d3e-5347-4bea-a408-0de23b849abf, 0.5467836257309941, 2
47c393c0-f267-4f50-b098-3b16fd1e57a3, 0.5467836257309941, 2
4a343f05-67f0-4e42-b1c9-f86547ad1693, 0.5467836257309941, 2
4b02214b-91e2-471e-915e-84799c3616ba, 0.5467836257309941, 2
57beea42-7817-4ce2-9d45-44b6e1e00e15, 0.5467836257309941, 2
5f0313cf-dbcf-4c55-98f8-377d50c80787, 0.5467836257309941, 2
6072635c-f273-4ed4-9010-ab51449e061b, 0.5467836257309941, 2
623f0a4a-e0f8-4ced-a2d4-7702d4d166ff, 0.5467836257309941, 1
62dc6829-7d6c-4024-94a1-34f39e963c33, 0.5467836257309941, 2
64160c04-044c-44f3-a0bc-94a21b477216, 0.5467836257309941, 2
6c6fe7f1-6a2d-45ae-aa0b-5410986586e1, 0.5467836257309941, 2
7568562c-60d8-4b52-836b-3a10990606ba, 0.5467836257309941, 2
7ab4c949-57a1-41eb-b8e0-e844a9950ac7, 0.5467836257309941, 1
7cd54904-d904-48fe-aadf-355090f70151, 0.5467836257309941, 2
7efbbc59-806f-43c1-b213-e703b910fae7, 0.5467836257309941, 2
7f435061-aa7b-4230-a18a-ff9395a51390, 0.5467836257309941, 1
84d3a39d-3c19-4bc2-86d4-17e81b1c95fa, 0.5467836257309941, 2
8814365d-76a1-44f9-bfd8-d879da2abe87, 0.5467836257309941, 2
8c6ad3e7-05bd-43cb-96a8-aea993cf55a2, 0.5467836257309941, 2
8e6ec435-9857-4ba3-9332-39cba2f3d20f, 0.5467836257309941, 2
91a32a56-c755-435f-b3a2-d651436eb0a2, 0.5467836257309941, 2
a27655af-55cd-4001-9a88-45b9ff1c217f, 0.5467836257309941, 1
a343cf22-a9ea-4bf7-bab2-be6130b8795d, 0.5467836257309941, 2
adb2e07f-f5ab-4d88-a2ec-ad7660797d2f, 0.5467836257309941, 2
b0f86924-0349-41b9-98ff-7888dfbad86f, 0.5467836257309941, 2
b6272a71-4747-444f-965e-649b21417ee3, 0.5467836257309941, 1
ba1a43cc-ffe6-4d79-97c0-1030eb00832a, 0.5467836257309941, 2
c2c30a55-2bde-4ead-8928-1de0463ae74e, 0.5467836257309941, 1
d1396bb6-c9d9-48d1-b058-7484cd8c4470, 0.5467836257309941, 2
d584d59b-3b9c-4864-8847-4ed5fb9b592f, 0.5467836257309941, 2
d638cee2-fad4-422b-8ad2-0888cdc6f92e, 0.5467836257309941, 2
d8d3cee1-7b37-4665-9aed-9fe2c6b076da, 0.5467836257309941, 2
dd7572e7-6d7f-48ec-bd4c-5be4b2ab655c, 0.5467836257309941, 2
e378c37d-a4c7-4b7b-9e0e-e0c6f63095db, 0.5467836257309941, 1
e84460d8-3ad8-493b-9448-0da14b7c710f, 0.5467836257309941, 2
eaee0f86-efd4-4f32-b043-42ffadf4e90f, 0.5467836257309941, 2
f171af93-1e16-4dfd-8dda-beb06ad10d1f, 0.5467836257309941, 2
f330dc6b-eece-4634-86fd-5a9bce990986, 0.5467836257309941, 1
f3e33cf7-362a-4952-8998-6568a57fbcae, 0.5467836257309941, 2
f4984fa6-ca0b-4b5b-b827-c30f09cd80b6, 0.5467836257309941, 1
fe51192f-c6a4-4a30-90ff-cee30f17edbe, 0.5467836257309941, 2
27134f49-ddaf-4486-b256-9afc3a0187d0, 0.5460526315789473, 1
f2ef7ac3-c753-4751-8f6f-6595afd722a0, 0.5460526315789473, 0
31820dcb-c581-4f3c-8297-4f746f7e2a43, 0.5445906432748538, 1
3698d0f4-f557-468f-a501-f1ad6900a529, 0.5445906432748538, 1
c28f284b-6095-46d5-aac3-8392dac57b72, 0.5445906432748538, 1
0a285a73-e514-4c68-b644-ec8a9706d21d, 0.5431286549707602, 1
1f2ade07-4e48-4556-9dad-3efa4f21fa0d, 0.5431286549707602, 1
61eecba6-0b7c-4c11-893f-a05765de8439, 0.5431286549707602, 0
8bcd32aa-658e-4652-b119-8f8a1dfa3656, 0.5431286549707602, 1
12c37e75-703b-4f8f-9f92-04e8b8652332, 0.5416666666666667, 1
31e1145c-b22a-40b0-b514-3f0050eb0553, 0.5416666666666667, 2
3dd9eba0-f87f-4853-8e60-e4adf9144737, 0.5416666666666667, 2
4e2a5ffd-6504-499c-85d2-0090aec3502f, 0.5416666666666667, 1
514e6fa3-bc81-41d1-8f37-a30066683f08, 0.5416666666666667, 1
69b7388a-da5c-46da-80cb-87d5f58ec59a, 0.5416666666666667, 1
6b36c016-1db3-4907-a4bc-ad52d09489d5, 0.5416666666666667, 1
7028790a-194d-4908-bb80-ab47403c071c, 0.5416666666666667, 1
7a835a66-0f5b-43af-94bd-f82dfabf94bf, 0.5416666666666667, 1
8781acad-2f04-4c7a-9051-d3949e1d4c0e, 0.5416666666666667, 1
b5d3be91-9013-4bab-b883-af48afbdccc0, 0.5416666666666667, 1
c9aeed89-be89-423d-8151-962a673d7d98, 0.5416666666666667, 1
d012ad53-0dd0-4890-954d-4084223aa400, 0.5416666666666667, 1
6966e443-d366-41cf-9b15-3e38be793966, 0.5409356725146199, 0
90fe324c-5521-4976-b30b-7220cc35cdbb, 0.5409356725146199, 1
046e2ca6-a571-4ba0-9f9d-78dfc07bcfec, 0.5402046783625731, 2
09d20833-18b5-414b-927d-4c5a22082e28, 0.5402046783625731, 1
0ea17bc5-3d68-4c00-9070-7205581d2023, 0.5402046783625731, 1
23a7066c-e31a-465d-92c8-0164a7af5810, 0.5402046783625731, 1
24f0f020-0228-45f9-a94c-8ee1ffc6cf18, 0.5402046783625731, 2
265fc73e-4947-42a0-8727-4045c92a5a65, 0.5402046783625731, 2
266735b9-a0ab-4396-8788-439bf84371bb, 0.5402046783625731, 2
2a347d3a-0b62-43b6-8759-0756d864670a, 0.5402046783625731, 1
3342ec34-5b66-42c2-92a9-d1567314b1ae, 0.5402046783625731, 1
3a9e3171-7243-4928-93a6-629935fd59c7, 0.5402046783625731, 2
3bf425cf-7c58-499f-b8ce-551ee6bed436, 0.5402046783625731, 2
42774695-ab71-45a3-a3fa-073c5df0ce67, 0.5402046783625731, 2
4f439e10-7dd4-49c2-8608-07af63b22eb0, 0.5402046783625731, 2
50df599d-d4df-45c1-b4cd-1aeea3d1a9ab, 0.5402046783625731, 1
5c4c100c-1c0a-427a-9c5b-87956e321a79, 0.5402046783625731, 2
5d55a547-cc93-4471-8ccc-4f543642caaf, 0.5402046783625731, 2
6f04c926-0127-4ef9-9b42-913c65aa126a, 0.5402046783625731, 2
71785535-5a03-4f1a-b690-35ec65542c70, 0.5402046783625731, 2
8376ee3b-e970-4fad-85ae-308dbf022195, 0.5402046783625731, 2
8a5217b3-76e6-414e-8e16-315648531c2d, 0.5402046783625731, 2
8cf3690c-cf75-4ab5-9aa2-2723e01be245, 0.5402046783625731, 2
905a15bf-d9d2-4308-8581-099695241f20, 0.5402046783625731, 2
94bd4c8e-3d51-4113-a13b-c0338afaec77, 0.5402046783625731, 1
9eb59e60-48f2-4382-8d09-c3b0f23f24d7, 0.5402046783625731, 1
9f0dd854-0bb8-4034-9b43-f665996d1930, 0.5402046783625731, 2
a2661b03-9143-4b37-9e0e-0f31e19c14f0, 0.5402046783625731, 2
a6619948-9c10-4961-894c-6be01e226540, 0.5402046783625731, 1
a98f24f5-26a5-4e46-b4b6-326d60bb1a54, 0.5402046783625731, 2
aca5bab3-fddf-4206-8e66-54b99d63a2a6, 0.5402046783625731, 2
b155eff0-b776-4732-9817-8a9d14d9ec51, 0.5402046783625731, 2
b26625bd-3106-462e-b411-e5d0ee7cb84d, 0.5402046783625731, 2
b84bff15-1d70-4a87-8e97-dcd9f3f2affd, 0.5402046783625731, 1
baf03f17-8bfe-4627-9768-0f6e7d3c0561, 0.5402046783625731, 1
c41a2d1f-8581-417c-9a91-a5eb7bbfe819, 0.5402046783625731, 1
c7a90740-6fe9-4f1a-a16e-ecd360a8dda9, 0.5402046783625731, 1
cad86300-dbff-4078-a4db-7bc08fa0af21, 0.5402046783625731, 2
cbf9c3a0-ab97-4db7-92dc-abceb874670e, 0.5402046783625731, 1
ce2b33f0-4f4f-4933-b9f6-4661d079cb8e, 0.5402046783625731, 2
d338cd20-8d05-4cb5-b685-35b9ea05dbf5, 0.5402046783625731, 2
deb10fd0-e21c-4611-96aa-167d5bfba08f, 0.5402046783625731, 1
f4fc4c3e-f86a-47c7-b4df-9b608e612fc9, 0.5402046783625731, 2
f74037d0-d19b-466d-866c-ec4719d93a3e, 0.5402046783625731, 1
ffc10425-5fed-4f51-bd27-716e7b7bc0b8, 0.5402046783625731, 2
6a74f097-e16f-4e67-ab2e-a699c1671802, 0.5380116959064327, 0
a77079d0-4940-4bb2-af96-6dc599082c27, 0.5380116959064327, 1
d2964c62-ada5-40c9-9d1f-362d69481e84, 0.5380116959064327, 1
87d00129-45b8-47a8-b86f-429525955749, 0.5365497076023393, 1
2d62f4fb-b2e2-4923-85dd-efbddf60355c, 0.5365497076023392, 1
9daad349-6901-4111-a007-95641106de39, 0.5365497076023392, 1
b80c44d9-6d4b-48ae-bcf0-b3a47c18f882, 0.5365497076023392, 1
c1bfe280-a6ed-4c74-a83f-b2eda19ac741, 0.5365497076023392, 1
01fd7610-6679-42a6-8b9a-40bf8715eb99, 0.5350877192982457, 1
138dc5ec-89e9-465e-af08-700d63f18c9f, 0.5350877192982457, 1
2c6c913a-aced-4816-bfcf-bcc25a4169f0, 0.5350877192982457, 1
2f8b41d7-e6b1-4e39-a991-2c33bf4491f4, 0.5350877192982457, 1
4e7a0454-213e-4749-be26-63676338071f, 0.5350877192982457, 1
75940e1b-43bb-4a2a-b972-1c5d32214848, 0.5350877192982457, 1
8ce04c90-76be-45cb-8cef-c846ad53897f, 0.5350877192982457, 1
9c6b01d0-c4fe-481c-bc87-89c00ed2987a, 0.5350877192982457, 1
d6e9fbf0-cf23-421b-82fb-85f5a92685bb, 0.5350877192982457, 1
0db40eb0-7dba-4be5-acf9-38629c60ed6a, 0.5336257309941521, 1
0ee878f5-5b33-4191-af83-a32e702d8664, 0.5336257309941521, 2
18b71832-0422-49c1-9cea-bcd51cf03718, 0.5336257309941521, 2
268a8dd7-9aa4-45d6-bdde-e7f500a8f94f, 0.5336257309941521, 2
2816cf38-861d-47e1-b006-53571ed224bb, 0.5336257309941521, 1
2e303293-2b4f-4363-8003-4aaded447b49, 0.5336257309941521, 2
3450c5ca-ae3d-4da4-a6bc-32d84bdf7f63, 0.5336257309941521, 2
3fc80031-b4dd-4fee-b53e-4e4fd43ca2cf, 0.5336257309941521, 2
4dc8a4d2-69cc-40cb-b567-7ec7e8c250d2, 0.5336257309941521, 2
4fb90c8d-9ebf-433d-a347-5e7e0935ce60, 0.5336257309941521, 0
69082305-7c49-4c83-89a3-e260461331e6, 0.5336257309941521, 2
750b5c52-badf-4f83-84a9-d7e380cb7b43, 0.5336257309941521, 2
789b8203-6756-4b3e-835a-330c1e2a0066, 0.5336257309941521, 1
83f103b6-09ae-4893-8a71-f5784e64bfc0, 0.5336257309941521, 2
845e4dc9-b4d7-4a1c-80a8-5a9f8187ec5c, 0.5336257309941521, 2
87291037-d66d-480f-a41d-e83d3f05426f, 0.5336257309941521, 1
8de5e24b-23f8-4a40-98a5-f892e34795e8, 0.5336257309941521, 2
90773a27-9db1-4373-81b5-fa4ffcb6469b, 0.5336257309941521, 1
951b1218-71da-49a4-abb9-032532728dda, 0.5336257309941521, 2
95e91dba-784e-4baf-8eb0-5aed5bfdd575, 0.5336257309941521, 1
97277c50-010d-4aca-9214-1fc8bf7a543e, 0.5336257309941521, 1
9f20da94-67e3-4cf5-9e04-e36f2948e0de, 0.5336257309941521, 2
a4801798-4814-40ba-93e3-f6112fc354bc, 0.5336257309941521, 1
c8ec1d86-5cb7-49e1-b129-85cccae63171, 0.5336257309941521, 2
d1620857-9c23-49c3-a3ea-f1780c3ebfbc, 0.5336257309941521, 2
d497a6f4-2b62-4e26-b2bc-a0943cc352a2, 0.5336257309941521, 2
e0112896-e41d-4d65-88bb-b06970b72b63, 0.5336257309941521, 1
eb425fbe-d184-425e-bd34-5aca257edbd6, 0.5336257309941521, 1
fbc6f53b-0b6d-4315-9d67-d5a82b3222e8, 0.5336257309941521, 2
d7f86b40-3d92-479d-8918-3ea3e6ef79bc, 0.5328947368421053, 1
3da91532-75bb-491f-adc8-5c235f3e3291, 0.5299707602339181, 1
89421c23-8411-4fbd-ae57-67606e4d2ff2, 0.5299707602339181, 0
91345ee8-8804-4c2f-a744-626753a300f2, 0.5299707602339181, 1
cc9f810e-067f-456c-92fb-748f974aad9e, 0.5299707602339181, 1
0c094bb1-24c2-4001-8f92-e7ec5860f801, 0.5285087719298247, 1
14b4358e-73a2-4aad-a63d-e52266ad0c44, 0.5285087719298247, 0
2a090907-fd1f-48c4-b5ff-92b0b1801f90, 0.5285087719298247, 1
2e806cbd-d203-4412-9e50-84b2fac9a2a0, 0.5285087719298247, 1
5ac09b9a-66df-4da3-bbf1-e07fb9fdd5e1, 0.5285087719298247, 1
70a2fd9b-0d2a-41ce-b25e-bc4c12aeca30, 0.5285087719298247, 0
7cf6d75e-74ee-4508-932b-5b506d8af4ff, 0.5285087719298247, 1
a6692ece-d1d5-4430-a65e-774bdbf0c1a1, 0.5285087719298247, 1
d63282ff-4384-4f99-ac82-33726864e7e2, 0.5285087719298247, 1
f3e74857-58e0-4ec3-8697-0cb861f43367, 0.5285087719298247, 2
22b2f0df-e6d9-4e72-9621-2cd51de95c32, 0.5270467836257311, 1
38af2ff7-2fbd-44da-ac56-8aabb6e22c06, 0.5270467836257311, 2
50d6696e-5b94-4934-8ff9-8c3920203b93, 0.5270467836257311, 2
6cc1bf8d-b01a-4f80-9ef1-636fec0ebfda, 0.5270467836257311, 1
73bb18da-d87d-4d62-9087-f8131025481f, 0.5270467836257311, 1
82ae019f-b699-4b88-8dec-4108a444c834, 0.5270467836257311, 2
861a3a03-caa7-4ae5-9734-e44752efafbe, 0.5270467836257311, 2
9208607a-9066-4adf-8a4b-b835c404c116, 0.5270467836257311, 1
a49b6f6c-387e-4d87-a475-e019e2d9ebf1, 0.5270467836257311, 2
ca8c2f3f-03de-483d-b3b7-ec3c9dae7e4f, 0.5270467836257311, 1
ce29b0de-5e71-4eb4-af3a-c911c8425a9e, 0.5270467836257311, 2
d36045cd-63a3-417d-bdb4-218583ac7dc1, 0.5270467836257311, 0
db40e285-f9b0-4973-b42b-6b461466b850, 0.5270467836257311, 2
e03cf664-556e-470c-91ff-0764e6d6fbc6, 0.5270467836257311, 2
fb2dba8e-d25b-4532-a422-d2869d3033fb, 0.5270467836257311, 1
d0117a15-bf55-48ba-88f8-2975f31bd13a, 0.5248538011695907, 1
e8c45585-4883-40e7-b5ec-781f0cd27a93, 0.5248538011695907, 1
2afc548a-4c6c-41c6-af94-e4838065cbef, 0.5233918128654971, 0
3187effd-48fc-4225-a630-95d91ce98e7c, 0.5233918128654971, 1
ff92bb5f-9221-4b17-9bee-bf93807e785d, 0.5233918128654971, 0
1813f2f3-e862-4b85-8855-fd5aa7484984, 0.5219298245614036, 1
24df6277-b232-4753-a13e-0eb26f4e00a6, 0.5219298245614036, 0
77358e01-8114-46de-bdd2-b3ed1ec061b6, 0.5219298245614036, 1
a44b9540-1ed2-4625-8806-689184f2d7ae, 0.5219298245614036, 1
b6eeb3d3-1105-4d15-a2f1-f74a2364178c, 0.5219298245614036, 1
c908b0f2-afcd-44f1-baf2-0cea82e0e7ef, 0.5219298245614036, 1
d3df994d-2107-49df-8cf8-1d6249efb3a7, 0.5219298245614036, 1
28946616-a7ec-4b22-b15e-80e1570c678d, 0.52046783625731, 1
3a0b7302-b42c-4c49-bfa3-01b45b83509d, 0.52046783625731, 2
3d12f199-5fc9-40d1-b56b-2ba69c2a687b, 0.52046783625731, 2
4914c7f2-7fd8-4201-9219-6acfbcb05c81, 0.52046783625731, 1
4f257593-15fe-4c06-a95e-26dec5bc38b2, 0.52046783625731, 1
5e0876fe-e1a5-4080-abef-c9cf67a01e62, 0.52046783625731, 1
74561334-8c9e-4a6e-a33f-75f074e780bf, 0.52046783625731, 1
77aee9f7-5722-418c-8a66-e89493522470, 0.52046783625731, 0
94bfc431-0dc3-4ac5-a0b8-8fa1edfceeba, 0.52046783625731, 0
94e4a09b-e397-4e67-b475-1b0e22b036ba, 0.52046783625731, 1
b93d917a-b65b-4895-bbb1-ad1f1702684b, 0.52046783625731, 1
c3181e4f-77c0-49aa-bbad-3bfba103a833, 0.52046783625731, 2
ccd62b67-5382-4776-a24f-0fa992e40ca6, 0.52046783625731, 1
ecd801fa-83c7-49ee-950f-b71b2171c8f6, 0.52046783625731, 1
04264b9a-8efc-47e6-8f9c-970477775a5b, 0.5190058479532165, 2
0ad3a709-622c-4237-9289-2af9fa5f8c46, 0.5190058479532165, 2
0c7e4766-f16c-412c-98d2-26017fb1d4dd, 0.5190058479532165, 2
1189e213-0a9c-42fa-a671-0c749c7eafe8, 0.5190058479532165, 2
146fe09f-56a8-4656-bc7f-1dca9e7e70c5, 0.5190058479532165, 2
2a3e57b9-fff3-423f-b421-11cb737745b9, 0.5190058479532165, 1
2f3b9e05-59bc-4736-8f9e-7dc030a11622, 0.5190058479532165, 2
30fe40dd-ba39-4dac-82af-e5aae3d605ae, 0.5190058479532165, 2
34897bb1-3432-42b9-8ad0-584307bb3a9a, 0.5190058479532165, 2
355c0879-6c10-4fe8-9c5d-076de3ee765b, 0.5190058479532165, 2
37a365dc-2287-4cb2-8ef9-8e16993b767f, 0.5190058479532165, 2
45ef4650-11f6-4b9e-8516-4c9d10a5c30a, 0.5190058479532165, 2
46c10780-f53e-40b2-87c5-eea6d3daabd3, 0.5190058479532165, 2
4cd0b8d1-3278-4319-8a90-210cef8ec4fa, 0.5190058479532165, 1
50e5eaa7-b0b3-4636-b03d-b524f3e47ce2, 0.5190058479532165, 2
51957d02-3eb0-4aaa-8d26-ed9bf3b1a5bc, 0.5190058479532165, 2
544c6741-660b-4d4c-8e62-1c227a1a7007, 0.5190058479532165, 1
656057aa-dc8b-4758-8df9-ac9919767353, 0.5190058479532165, 2
66277323-c43f-4238-8b86-fd6054d7b26b, 0.5190058479532165, 2
6cf0f142-bb67-4db1-a5ee-a076530e3f18, 0.5190058479532165, 2
7152ef77-a1a9-4d35-b86c-584b6ca077b1, 0.5190058479532165, 2
7a43e3e3-cbf8-4d51-b385-a643fd5aa83a, 0.5190058479532165, 2
827cc6b0-5ac4-4da1-a0e7-36a470685cc3, 0.5190058479532165, 2
83d9f645-6ced-4c3f-984f-91de926d8d01, 0.5190058479532165, 2
8477bbbf-7680-4d28-a511-a8d46c596a9a, 0.5190058479532165, 2
859e626c-2d67-47d5-b86d-8bdee9ecfb4b, 0.5190058479532165, 1
8e265135-bb24-4720-8004-9d7d62bdebbf, 0.5190058479532165, 2
8e78be8b-4a49-4ab8-be4f-5db9efa1a120, 0.5190058479532165, 2
90b5eecd-a7fb-46ef-b2cf-98d3df1387d5, 0.5190058479532165, 2
955874a9-c06a-4be3-b32a-5516dde2b7af, 0.5190058479532165, 2
97f14bf8-fa1b-480a-b416-66f676ce2a3b, 0.5190058479532165, 2
9a0e4db6-4a2f-46ef-a648-319c318f6e7f, 0.5190058479532165, 2
a66f7fc6-4a5d-4e85-a1f9-fb1db36d873b, 0.5190058479532165, 2
a720dbf0-fc6e-4a0c-b22d-31f33fc1be92, 0.5190058479532165, 1
a8f6fb5e-5b30-44d0-9c3b-263fa9c70402, 0.5190058479532165, 1
a973c959-ad19-493e-ab35-6dfbc54306d0, 0.5190058479532165, 2
ac21b2ae-c781-4a3b-a9a3-b49692700cec, 0.5190058479532165, 2
aec102d1-c5f5-4b0a-be91-773915a47d65, 0.5190058479532165, 2
bdfc8c22-69b4-438c-af1d-53a8723c9e01, 0.5190058479532165, 2
c4d3ec15-6f73-4bb6-8864-8c894839c3c3, 0.5190058479532165, 2
d6ba2518-3e0f-40af-a507-d813e5ba83c9, 0.5190058479532165, 0
d735596e-4e04-40f0-8711-3202e4ffad21, 0.5190058479532165, 1
df1d20d2-75e5-41a7-9ba5-e407ac46b508, 0.5190058479532165, 2
df7a9e76-8fdf-448d-aba3-c205a676c826, 0.5190058479532165, 2
e3974705-e323-4364-8fb8-798d327f0804, 0.5190058479532165, 2
e7a7f01d-aaa4-418a-89d3-1d678aeb90a6, 0.5190058479532165, 2
ee817bc0-8fa5-4600-b19b-756dd02835db, 0.5190058479532165, 1
efda663c-6ce9-426a-a33e-76c3057baaf4, 0.5190058479532165, 2
f1b52bf0-83de-4668-b2c6-ff97de74fb01, 0.5190058479532165, 1
f36f3b32-1d05-4826-a0ba-8064ea7307d0, 0.5190058479532165, 2
faaee81f-b650-48ef-92b6-c843ff8150e4, 0.5190058479532165, 1
00c4dd6b-cf1c-443d-b411-428505cb7426, 0.5168128654970761, 1
26d13752-942c-442c-987f-e566956d63c9, 0.5168128654970761, 1
4516783e-56dd-41d7-88ad-c23909f2518b, 0.5168128654970761, 1
9321e783-53a4-46db-9a28-0320c7ec5ccf, 0.5168128654970761, 1
f580623b-4d0d-4ee8-9f33-22acf118d050, 0.5168128654970761, 1
0f5500ad-04b6-465b-899e-3647b037d89f, 0.5153508771929824, 1
601ebcd8-7777-445d-b4c2-90269453fe45, 0.5153508771929824, 1
c8addbd6-b4aa-4c80-8dc9-fa19ca9c26c2, 0.5153508771929824, 1
db54bffa-3b0e-4b9b-9369-42b87b619317, 0.5153508771929824, 1
dd9e810d-c2cd-4176-a4c1-5cd99ea7192a, 0.5153508771929824, 1
f0b6ca10-fe0b-4119-b509-a76109f1460a, 0.5153508771929824, 1
0a1dcbd4-6192-4d5d-ab7e-fa6a27d5e6ed, 0.513888888888889, 1
162cd455-0d4c-46fc-98db-f76a6b89b048, 0.513888888888889, 1
1938567e-79d1-40cb-b646-1d884205f6e5, 0.513888888888889, 1
1a160b2c-e6cf-4b61-b85c-30f145a4ff42, 0.513888888888889, 1
4df175f2-05be-4d7a-b8c1-f9993cdf2372, 0.513888888888889, 2
911c534c-9bd3-401b-81cf-afb64b65dc34, 0.513888888888889, 2
a6c216a8-4bec-4c9d-8760-2de904efd0e6, 0.513888888888889, 1
a9573e1d-0f01-4a4f-ba78-6742dfd3cdc6, 0.513888888888889, 1
be9473b4-10bc-44a7-abad-13b4a6b72415, 0.513888888888889, 1
c78a515b-9163-4f87-b212-899c612d6a83, 0.513888888888889, 1
f874f59a-79c4-4ade-a29c-37ea0b703ffd, 0.513888888888889, 1
7a015b19-5ddc-4e53-8254-6ba4ce8a5cf4, 0.5131578947368421, 0
21a8ed0a-9d0c-400e-9b64-a0245da1cae1, 0.5124269005847955, 1
4f7e6e8c-959f-4139-b08c-773528c521fd, 0.5124269005847955, 2
6231b697-9c6d-4f7b-a062-abd0a2955b83, 0.5124269005847955, 2
64ec6b06-5062-423a-a86c-10c253b1dbde, 0.5124269005847955, 1
7d322f7c-bb41-4f4a-859b-0f3a76aedc81, 0.5124269005847955, 2
7e3c9694-08e4-49bb-96c5-c85a7604c21c, 0.5124269005847955, 2
99a5e102-42f8-4037-aa74-54887cdad04f, 0.5124269005847955, 2
ce732450-e039-43a9-b32f-a8eb40d23694, 0.5124269005847955, 2
d4cacdfa-0f42-4684-8b05-336264b54aa2, 0.5124269005847955, 1
f20d9816-090d-4e7a-a183-ae3b68d1f798, 0.5124269005847955, 2
1b669f55-bae0-455b-96e3-5ce888d6b89e, 0.5124269005847953, 2
554bba05-2b95-410f-8d33-72c274505afe, 0.5124269005847953, 2
5ce1d661-dfe9-4806-848f-4305ecabe89f, 0.5124269005847953, 1
a408a8a3-c8ce-4d8d-a654-6e833bfb59d1, 0.5124269005847953, 1
aac8fcaf-694e-4acc-a19a-48fa8fdc82cc, 0.5124269005847953, 0
b8508871-6706-4237-91e2-40ee44e7c264, 0.5124269005847953, 0
cc68e978-ee53-4e98-ba24-cfdd36bd0555, 0.5124269005847953, 2
fa52033e-18c8-4f7b-904a-5571d9996182, 0.5124269005847953, 2
afdd5477-3c9f-4b78-b05b-7917a795b995, 0.510233918128655, 1
bcdf6fd1-1262-4b8f-8af8-e86ce7a2ab43, 0.510233918128655, 1
dc57aa41-6fc9-45ea-8841-92e2e053f0e3, 0.510233918128655, 1
32773e63-f80c-4c9d-a521-926662dc710e, 0.5087719298245614, 0
35e7eb06-2843-43a2-aa39-93e2a4d92025, 0.5087719298245614, 1
57b1bc57-1ca6-4963-bf7f-c011d2a7d107, 0.5087719298245614, 0
88efab4c-6d2b-4d09-8b0e-c7090776125c, 0.5087719298245614, 1
0b656fcd-81f2-4581-8b7e-889b96a8c8d8, 0.5073099415204678, 1
2f3e68fe-149e-4972-b084-1ab4a9bffaa4, 0.5073099415204678, 1
50d0b231-5b85-4693-b485-2eb9d220eb84, 0.5073099415204678, 1
8628cb23-2daa-41e3-8d9b-4a5af69b6c99, 0.5073099415204678, 1
d59652b7-49e2-49cc-870d-f67900405c16, 0.5073099415204678, 1
f24339f7-af01-4b78-890d-734502efac30, 0.5073099415204678, 1
0d5d2dba-5dd0-4929-8f27-5b9b4ab18ff8, 0.5058479532163744, 2
4c80e136-ed64-4b78-b17a-a840aa257bd8, 0.5058479532163744, 0
4f41bec9-b462-4c41-a75f-381ac655c4ec, 0.5058479532163744, 2
5be52530-2a60-4dba-9c0a-17b3b123cdfe, 0.5058479532163744, 2
9c11a537-27fa-4482-9bb8-4fff44450b81, 0.5058479532163744, 2
a9fc248f-4a4e-4bb4-8acd-62053ab6f869, 0.5058479532163744, 2
abf2ff66-f0e1-4958-ba8e-ce54c53164f9, 0.5058479532163744, 2
b9bd8c60-0406-4f25-9e35-7d3cd19f82aa, 0.5058479532163744, 2
b9f847ee-d4b3-4cfa-8223-3616117d523c, 0.5058479532163744, 1
c1fc89d3-19fd-4184-81a2-b7aa0690996b, 0.5058479532163744, 1
c62fd720-d975-47ed-b6e8-f6c0b27ac39c, 0.5058479532163744, 1
f7fba80f-0d57-4017-ac6a-34492474118d, 0.5058479532163744, 2
1275478a-2a8d-4373-9da1-5d9edfccbe78, 0.5058479532163743, 1
3f75ba2e-684d-4b48-a26b-245c32c2e3b6, 0.5058479532163743, 2
78cac91e-9f9d-47a8-858e-0653d2cc6a7c, 0.5058479532163743, 1
83283243-f172-4822-8432-436e3e720714, 0.5058479532163743, 1
8b7eb630-79d2-4bda-aa65-1f7cf0a1dc9a, 0.5058479532163743, 2
994c1e42-c85d-4318-8ef4-216bf463c2b6, 0.5058479532163743, 1
9961a2a8-a134-4885-bee4-934b57812652, 0.5058479532163743, 1
b8337314-53ba-4b9e-9ec0-6f53c17c8653, 0.5058479532163743, 1
8010d545-6321-4b67-90e3-a7f65801b759, 0.5036549707602339, 1
8e6a0975-cf0d-4fa3-a7e0-3f96c0c05516, 0.5036549707602339, 1
0b056d60-f0a9-48f1-8d03-f60ded46ba99, 0.5021929824561404, 1
60fa1219-6c6e-492f-9b5c-2558171bb635, 0.5021929824561404, 1
6a16fbb4-6d1e-4da4-ae7b-825d41ba143e, 0.5021929824561404, 1
f47235d4-d5c3-4b61-a0fa-8943b70ee779, 0.5021929824561404, 1
10701908-dfdf-4b4a-b6a5-374d354737fd, 0.5007309941520468, 1
355f40ee-3c57-492c-8cfd-fa55d9e10419, 0.5007309941520468, 1
3f8594f0-ba5e-4adb-97d2-1442fe0fbb30, 0.5007309941520468, 1
cebadea8-3c51-4a69-970d-7376c3a736a0, 0.5007309941520468, 1
e742445c-427a-46d6-ac48-40a6618d22d7, 0.5007309941520468, 1
0354cc79-a4c9-4f9b-9cde-0d3caedcf50b, 0.4992690058479533, 2
0407e30a-0a48-43b1-ba33-0b7edf713ae9, 0.4992690058479533, 2
51a07235-968d-44f8-b170-81ec438f5b7d, 0.4992690058479533, 1
5d470322-71a4-4526-80f7-fbe29b0d940d, 0.4992690058479533, 2
8f7ec704-f818-4d9f-ae34-3e32d28ce48f, 0.4992690058479533, 2
a06c3d4e-7a5b-40fc-9cc6-de2c4c1d836e, 0.4992690058479533, 2
d56114e0-f93d-45f9-b67a-89efd45634f1, 0.4992690058479533, 1
d8ba1219-696a-4925-b6b0-6bef397f4ec5, 0.4992690058479533, 1
def78dac-7973-4c09-bb3d-11ba001988fd, 0.4992690058479533, 0
df96e272-236e-4eed-994d-36542fbc92ab, 0.4992690058479533, 2
ecac006a-3826-4557-b7d9-e0eb47839817, 0.4992690058479533, 2
1dafaada-cd64-4448-869c-32a2781055ea, 0.49926900584795325, 1
5df3bb72-aea7-4165-b359-68ba5c175f82, 0.49926900584795325, 2
61abbca5-9cbc-497f-b6fd-ba2e4d2e11ce, 0.49926900584795325, 2
7c3fd2d7-7dbc-4714-8062-9173fd310590, 0.49926900584795325, 1
93acdf7e-657c-4692-93e4-640bbe3a9060, 0.49926900584795325, 2
c7dfe87a-70f9-4aa1-a161-679d307f0807, 0.49926900584795325, 0
f0bf939e-310a-48f2-b2ff-289457778677, 0.49926900584795325, 2
fbdaf379-9201-4df5-8fc9-f983e13a3b82, 0.49926900584795325, 2
41a8eec6-8335-45ff-be8f-4f1c2226acd9, 0.4970760233918129, 1
e8887ce4-9950-4d11-adcf-a635850a86ec, 0.4970760233918129, 1
836bb89b-06d9-4fd1-a445-3ce37a7afcbc, 0.4963450292397661, 0
079d83bb-433f-4c36-8ac8-249bfd80c4b5, 0.4956140350877194, 1
62c073de-1a08-4da6-be0c-950cf63348c5, 0.4956140350877194, 1
1660f44f-5fe7-40c1-9256-4e9eca3842fe, 0.4941520467836258, 1
504e69c2-497c-41d1-82cf-7a157018434d, 0.4941520467836258, 2
6aac37df-f334-4dc0-b8a5-9f7d14a0c414, 0.4941520467836258, 1
8c7fe4c4-0cbb-4ab1-af30-7b2c207b3d94, 0.4941520467836258, 1
d680982c-8121-4604-a2f0-416d821fed6b, 0.4941520467836258, 1
e711b1b7-0b04-4c43-a501-3df512679621, 0.4941520467836258, 1
e9f88341-0f39-4aee-81b9-61404be9e857, 0.4941520467836258, 2
e285e928-04b8-4592-8d16-d60400c78419, 0.4926900584795323, 1
0c413932-b2a8-4710-b761-6c6dbd3d72b8, 0.4926900584795322, 1
0fc27841-0138-4a51-b59d-807d3fe6c9d9, 0.4926900584795322, 1
15533afe-f8da-4b35-80df-c5a00048afb7, 0.4926900584795322, 2
35342e48-7950-462c-9610-851018596e2c, 0.4926900584795322, 1
3c013db0-56c5-437c-8c6d-d25b180e40c2, 0.4926900584795322, 1
62eddefc-c021-4e38-a57b-5685e4a1d892, 0.4926900584795322, 1
e61af1ef-0d75-4db5-a482-f80b38131a63, 0.4926900584795322, 1
10fe4409-8d02-4e96-912f-6880b5c84a5e, 0.4919590643274854, 1
309eef7c-7073-48b5-b450-8cc1b9d5539b, 0.4919590643274854, 1
035ceb12-7e80-4fa7-98f1-75508d9084f1, 0.4912280701754387, 1
0fb6c421-c633-414f-9193-4f2d452da70f, 0.4912280701754387, 2
138157b4-745c-45b8-97ac-4136c102a51e, 0.4912280701754387, 2
15ea1dcf-0f5a-4db5-944e-f3bea139331a, 0.4912280701754387, 2
163e4e0f-2685-49fc-a7b7-199001c2fc56, 0.4912280701754387, 2
20e80627-e320-4236-bfe1-e74810f60185, 0.4912280701754387, 1
2ec38b93-f015-456a-a4a8-3f204ecdee41, 0.4912280701754387, 2
31cc0a26-3eb7-4327-8341-c37ab885343e, 0.4912280701754387, 2
36d8a825-69f7-4bd0-a2af-7d7f2b9d5e52, 0.4912280701754387, 2
483b3380-a61c-4850-b98c-322bb78198f4, 0.4912280701754387, 2
4d89cba1-7b32-4be2-a5b6-da1201fc4e21, 0.4912280701754387, 2
4da53337-6ecf-4c04-b3db-0a50963a0f2d, 0.4912280701754387, 2
4e2d5916-dea2-40a2-8442-9e9e67ae3fb1, 0.4912280701754387, 2
7683fca0-e35d-4b27-b537-ccc9e10fda1c, 0.4912280701754387, 2
86381059-c7dd-4660-9648-1db9b630e3fe, 0.4912280701754387, 2
a6a763ae-a8c3-4bf5-8728-ca2c9e1cd231, 0.4912280701754387, 2
a99e6b43-8463-4a55-8f31-66423e69518f, 0.4912280701754387, 2
b2256265-132e-49eb-ae20-6096e898e030, 0.4912280701754387, 2
bcc37c5c-57db-4161-ad38-65d51f798add, 0.4912280701754387, 2
bf488dc4-d118-4df1-a2f6-37e39d8d1675, 0.4912280701754387, 2
c88f7268-a05b-416c-9a40-0fef6f6ef307, 0.4912280701754387, 2
c982f1e4-2934-4a26-bc44-6d63b6ef7603, 0.4912280701754387, 2
d28d08a8-fd02-47bc-8906-d9bc3f866e39, 0.4912280701754387, 2
d82a83ec-6a88-4602-b8ba-3550ba7c3008, 0.4912280701754387, 2
d9cb36d2-dcdd-436c-a525-3a345f53ffa6, 0.4912280701754387, 2
d9fae427-b2d7-4f23-a150-808af95ebffd, 0.4912280701754387, 1
dc3657a7-4dd5-4aaf-9e24-ae3247913345, 0.4912280701754387, 2
e4400e16-0139-4aee-9423-04ddc75dab96, 0.4912280701754387, 2
edfb71b5-f10b-411d-acd2-e3ce41173913, 0.4912280701754387, 2
efedbc37-887e-47e2-8abd-614a2914e38a, 0.4912280701754387, 1
fc64b526-d509-4934-bdb9-cc4a80247687, 0.4912280701754387, 2
0e492bb7-3cbc-49f3-b140-4ef40bb6ad00, 0.4912280701754386, 2
221f305f-a2ce-4e6d-834a-596de7a10660, 0.4912280701754386, 1
28f7781c-f139-45db-9bf3-8decb57e47d9, 0.4912280701754386, 2
37ae0090-fb4c-4d15-9439-1d9a0ed17623, 0.4912280701754386, 2
3b510e36-6bf2-48cf-be8b-0483e36b11a5, 0.4912280701754386, 2
4b91b9c8-6460-47c3-ae70-681cafc8426c, 0.4912280701754386, 2
4cd6a00c-97ac-4c83-8e5f-b2a4477b97c5, 0.4912280701754386, 2
83eb337d-1f1d-446e-8293-733731ae1b1f, 0.4912280701754386, 1
90ce7309-61af-41e1-8086-1a9da496c65d, 0.4912280701754386, 2
9a4f8b47-4a59-4257-8158-da2d95afdaa9, 0.4912280701754386, 2
a1d3f830-c8d4-41b0-a6cb-a55c66d82baa, 0.4912280701754386, 2
a86d8342-f168-4a26-9b52-ba211967c513, 0.4912280701754386, 2
acbc18f4-0e8a-4107-b33b-00718d31f061, 0.4912280701754386, 2
b9852f08-dc84-4591-92e9-3248f8fcd060, 0.4912280701754386, 1
e01e58c6-d008-430c-a43a-0399f08df93b, 0.4912280701754386, 2
e0ef9514-d887-4859-ae9c-27ba382ec146, 0.4912280701754386, 2
e9e2ab05-fafe-4cd9-8077-7bd2ba835187, 0.4912280701754386, 2
ed9916c5-1612-4017-bddf-c1c114b36753, 0.4912280701754386, 2
fca928fc-4906-4b1c-bc84-5709c35eb378, 0.4912280701754386, 2
6d13c682-d001-4ae7-85eb-f683bd7f74fa, 0.4890350877192983, 1
7466796a-0fd0-4506-b5bc-d32917fcb8ad, 0.4890350877192983, 1
7970d586-d8f8-41a9-8d52-a50551f60777, 0.4890350877192983, 1
24e70d9a-cf19-4fb0-8705-045817c744b6, 0.4875730994152047, 1
3fe94a05-e28f-4e92-b2c7-f87799b20243, 0.4875730994152047, 1
4ce3d1cd-d4fd-4d25-a9aa-adc20c890ba8, 0.4875730994152047, 0
638a2792-e75c-41f2-b43f-4673f9e847d9, 0.4875730994152047, 1
a2be723e-74ce-472f-b6f5-bc9f22da7a86, 0.4875730994152047, 1
a7ccc979-747b-4e6e-b34c-7547bd6c9ec0, 0.4875730994152047, 1
ae369e9b-ad4a-4436-ad9d-f82b25551e5e, 0.4875730994152047, 1
ef7159bf-309a-492e-bcb1-9df8b9a18572, 0.4875730994152047, 1
0c1359a2-68a1-44e8-8992-758b316f6db0, 0.4861111111111112, 0
3583c876-b1c9-4bdc-9052-a552a513e7d7, 0.4861111111111112, 1
36cacb3e-363c-4498-839b-b38a522fae43, 0.4861111111111112, 1
5abb5e5f-4e5e-4d74-8347-59fddaf94e51, 0.4861111111111112, 1
87d02354-b9dc-4d7c-925a-8c8b5d5d6c02, 0.4861111111111112, 0
a25cab80-af49-4a1a-9698-9eb01bb565ac, 0.4861111111111112, 1
a8908718-f77e-4212-b153-fa38f5d0bb2f, 0.4861111111111112, 1
f6ada258-b9a7-4fa2-999b-ebb2e13b6512, 0.4861111111111112, 1
0c099732-d327-427e-96a2-d80c3d1ff587, 0.48611111111111116, 1
234da34d-6e9f-4de7-ab1c-8080bdca6641, 0.48611111111111116, 1
5f8efffd-ec53-4402-b37e-cf4302d5b147, 0.48611111111111116, 1
d01e4c48-1afb-4e2e-980d-ba34d68e3cc4, 0.48611111111111116, 2
d823b5ee-343d-4fac-9071-6f83605390c3, 0.48611111111111116, 2
dc54e149-e1a4-4a8a-aa50-4685d88d3c47, 0.48611111111111116, 1
5ad2f2d6-b82a-43c2-a80e-cea2bb78b19f, 0.48538011695906436, 0
d5968387-f189-43bd-85f7-2937aa5a3be5, 0.48538011695906436, 0
05ab82b9-9146-4578-902e-d0601a6dacff, 0.4846491228070176, 2
18294231-43f3-44a5-aa72-2828d32765e9, 0.4846491228070176, 2
39770e6e-0377-4416-ae6a-c2f39c656d42, 0.4846491228070176, 2
3a2952b1-5fc0-4b1e-8c15-d35f5c96a615, 0.4846491228070176, 1
60a34dc8-355b-44c0-96c6-7b266016f111, 0.4846491228070176, 2
98d0af38-e0d2-47c0-aad7-bdc7a3dac211, 0.4846491228070176, 1
9ef2c74e-8ed2-4254-927b-7a194159a699, 0.4846491228070176, 1
a1bfa871-96b3-49d4-9649-81ed7d01f071, 0.4846491228070176, 2
b4755ed7-768f-44a4-a0b3-8f4d6654a14b, 0.4846491228070176, 2
c33d99d6-9589-4c30-8e6b-e834bcc05e8a, 0.4846491228070176, 1
c90d43e3-a699-479c-8804-94d1d6908a2e, 0.4846491228070176, 2
db206352-a77d-499c-8328-1c58d0dd261b, 0.4846491228070176, 2
e890070a-a009-46ed-a507-0d2501beaa42, 0.4846491228070176, 2
ee41a527-2f6a-441d-a38b-63f88e3202e2, 0.4846491228070176, 2
fbaae3c1-fb57-4503-a375-35263376bd8e, 0.4846491228070176, 2
11905121-aa3c-4bdf-aeb1-d2ad5fb6548d, 0.48464912280701755, 2
145fd6bb-da9b-4d9a-895e-7857a807258f, 0.48464912280701755, 2
377d80bb-3da8-49bd-9799-c3169cb9238a, 0.48464912280701755, 2
3b2b3915-2929-4e02-8f95-fc3ae917ca6a, 0.48464912280701755, 2
3ffab78d-ef7a-4ef5-af89-45e6c3877912, 0.48464912280701755, 2
4a95a707-1468-424e-a5f2-454c60106289, 0.48464912280701755, 2
4c3cdf16-2fb0-4870-9192-b222a569c326, 0.48464912280701755, 2
59a22735-7f0c-4145-bcd2-4ddb2830cd73, 0.48464912280701755, 2
5ff249d6-e97b-4158-b3f8-83e59b940839, 0.48464912280701755, 2
71505931-42c1-456b-9834-d34889d95819, 0.48464912280701755, 1
759c8c36-6bd1-404c-8551-868ff9aa2a4c, 0.48464912280701755, 2
7ac0b2fd-98ca-4391-97aa-cf0ad45042e1, 0.48464912280701755, 2
7bd82219-d691-4082-87cd-270019fe2eaf, 0.48464912280701755, 2
85107ba5-af55-4c4d-96e0-d4e21f5bbabf, 0.48464912280701755, 2
a8916a13-907d-4e6d-9947-96daa0e20185, 0.48464912280701755, 2
b0074266-17c2-435d-88ff-4dee9256bd2b, 0.48464912280701755, 1
bd173bd7-d154-422b-93ab-0ea99d3d0250, 0.48464912280701755, 1
db786a3d-b3d0-4519-8a93-973bca30b4ed, 0.48464912280701755, 2
51d58b03-bcbf-45aa-bd5e-d1c16ab7a672, 0.48245614035087725, 0
e957f26c-f381-4df4-9402-c2af63f0867e, 0.48245614035087725, 1
35c4235b-98c6-4bb3-b566-5d9b6309120a, 0.4809941520467837, 1
b1f8bbfa-e9d1-4624-9e9f-02d9e2fcbc10, 0.4809941520467837, 1
e7b12ff5-d9cf-40a1-9308-da0bf443b8e7, 0.4809941520467837, 0
3048a2fa-78e1-4bad-8b3d-026442af815d, 0.47953216374269014, 1
84f2b380-9da8-4f64-81c8-ade2eb950a08, 0.47953216374269014, 2
9290fc28-a08f-4e2d-b923-3dce0b848403, 0.47953216374269014, 2
c3e825c6-0176-4043-ae46-ae1031f26853, 0.47953216374269014, 1
c9d30c58-cce2-4342-8233-496aa79b4b6b, 0.47953216374269014, 2
e58fa83a-917e-4900-8e65-ea77440cade5, 0.47880116959064334, 1
2e7eb035-a4e0-4e8f-b0a8-4a768665c78d, 0.4780701754385966, 0
50e31d5a-d97b-4a09-bfe7-581810d1756c, 0.4780701754385966, 1
843c6adc-da88-40f4-928f-1ca40cd855a4, 0.4780701754385966, 2
881a50c3-6fdb-452d-a763-1c6c79c30794, 0.4780701754385966, 1
926c9113-5346-4cb9-82fb-957d25fd5c01, 0.4780701754385966, 2
9741d2d7-e6de-4b28-b543-93b8f8e23596, 0.4780701754385966, 1
b8d6f9c0-1c25-4447-a1b6-2a095ed69e35, 0.4780701754385966, 1
f13dcc76-add4-4037-a2d9-e5023063f5ed, 0.4780701754385966, 1
3c932fa9-260e-487a-8be3-42c26418eade, 0.47807017543859653, 2
795b9c7e-d47e-4059-b974-7d847ff7b5d2, 0.47807017543859653, 1
7ef33522-dfc6-4bee-b654-03e6f0694286, 0.47807017543859653, 2
892e48de-4ae5-4036-9930-3a390f63c500, 0.47807017543859653, 1
a5f6c74f-d6f4-4d11-8072-d374f344a48d, 0.47807017543859653, 1
ad03e549-3df1-4023-a76a-32043d1ed62c, 0.47807017543859653, 1
eaee7db5-2588-41ea-899a-c49336dd145f, 0.47807017543859653, 1
0dfd648f-0de6-4d99-86cc-eb3e862dc3da, 0.47733918128654973, 0
4ca47302-ae08-4d2b-8523-3acdcda5dcf4, 0.47733918128654973, 0
a7ae2b5d-5a84-4e48-bd22-6f48d6cf05d0, 0.47733918128654973, 0
28afd954-1460-4683-a917-5a6ae464d33c, 0.47587719298245623, 1
28d91903-212d-4655-b874-29bebfcbae30, 0.47587719298245623, 1
2c0fb47d-5405-46b9-849f-3f0b921de0e3, 0.4744152046783626, 0
51982641-3548-4c15-b617-a7f07cf6ce34, 0.4744152046783626, 1
9658b20c-4e5d-4141-a050-7444cd90f28e, 0.4744152046783626, 1
ba92ecfc-599f-4b77-a3c9-b46eb0e3c1d4, 0.4744152046783626, 1
bf6b2a6d-9281-4400-95ec-941bbff99ebc, 0.4744152046783626, 1
e58b5ae9-596f-4a0b-ab56-fca83d36528f, 0.4744152046783626, 1
4c301b03-9f73-481f-b6ad-587fc00c65e8, 0.4729532163742691, 1
b554d30e-af2f-4a0e-ad11-d5d6aecf5a6b, 0.4729532163742691, 1
2faf1d9e-8540-4a96-b55e-c644721b5589, 0.4714912280701755, 2
4a0f6856-428f-4f3a-907e-9ba1db767a98, 0.4714912280701755, 1
4c029ce9-8ea9-4e52-93c4-f646bf02dffa, 0.4714912280701755, 2
99b1f7bb-02d3-4bea-b01c-fea21dd893ba, 0.4714912280701755, 2
9fb06842-c18c-4bf4-af5f-57b0486038b3, 0.4714912280701755, 1
a2c53a1e-f078-433b-a901-a4a81d83c567, 0.4714912280701755, 1
b29532c4-b17d-4b0d-8baa-c3232c99ce4d, 0.4714912280701755, 2
ca73a6d6-01d3-427f-9bc0-22cbbf8e6201, 0.4714912280701755, 2
05cefd1e-c44e-4ce9-a3a4-68909bfa1607, 0.47149122807017546, 2
1ceda857-53bb-46d8-bade-deae26d01cdb, 0.47149122807017546, 2
9b502913-6e86-4564-8bc2-e651e42a446f, 0.47149122807017546, 2
fc3a6f35-22f8-4508-b2a9-5f241f7c56be, 0.47149122807017546, 1
0546ca37-def6-441e-ba75-c222bc733f30, 0.4707602339181287, 1
3668c1ae-ea28-448c-9840-0c41d0a1eab4, 0.46929824561403516, 1
62a422eb-aacb-4585-968b-504a87a4f686, 0.4678362573099416, 1
3bffeb1c-2f8c-443d-a573-9beaed9b52ae, 0.46637426900584805, 1
58a9dfe5-372a-40eb-9480-8c1e50bedc36, 0.46637426900584805, 1
696fa107-3e39-4bc0-aece-401666cf35ef, 0.46637426900584805, 0
6fe2ba10-4530-4d05-8fb1-e6fbf5f4b618, 0.46637426900584805, 0
7b481a76-479b-4e28-8aef-9f1269fd43a0, 0.46637426900584805, 1
7c3c4139-a4a4-4c01-b05e-bb71a468c521, 0.46637426900584805, 1
9963f306-8907-4e53-9aa3-27a679647db5, 0.46637426900584805, 1
a8e7fbee-154f-47aa-b979-7b34a4c6b879, 0.46637426900584805, 1
dbf5f62e-5bc5-4206-93f3-72da1442b4fa, 0.46637426900584805, 1
e8ce22b1-6735-4d62-82ed-eb61c01c96d3, 0.46637426900584805, 0
3be77e8c-add9-410e-9a0b-9dfdd0c9084c, 0.466374269005848, 1
17b6562b-663c-4650-b2a3-5ecc35d8934a, 0.4649122807017545, 1
85f3d4e3-9003-4f54-b1c9-f5922f681f84, 0.4649122807017545, 2
92ed72a8-3546-4185-bd25-d1831756d005, 0.4649122807017545, 2
9e1327a4-4ecc-4cc9-bd3c-1ab7fa56424d, 0.4649122807017545, 1
a2254bcd-a3f0-40a1-bc2d-8e2e638fea3c, 0.4649122807017545, 1
b7ae54c2-2a6f-45cf-899e-61b88b081243, 0.4649122807017545, 2
e7d53f36-f810-4d78-bf74-0fce72380e9a, 0.4649122807017545, 2
ebe7aa9e-c1b4-46c3-a51e-4339fd30644e, 0.4649122807017545, 1
0aba186b-5d6d-4c60-a3c8-35c43758fd0e, 0.4649122807017544, 0
35e2ebbb-f60f-4664-905f-c1d3736ef8c2, 0.4649122807017544, 1
73c3ecae-1247-4d13-9b6e-9548ead0cdbd, 0.4649122807017544, 1
a0f0acc5-5c67-4a5e-a5fd-a8b35aa21a39, 0.4649122807017544, 1
e90881f2-f32b-46ed-a58e-75f67d0c90f1, 0.4649122807017544, 2
cd0755e3-eba5-4bb8-9330-5ffe1a2781b1, 0.4641812865497076, 0
0c8e36dd-7f11-45d6-af30-357f547bbfc0, 0.4634502923976609, 2
0cbc6733-fc59-489b-94b6-a5e9ef458129, 0.4634502923976609, 2
0e98c458-02f8-43ff-a840-8979a6712f16, 0.4634502923976609, 2
1316f4b6-eccb-49a0-8c6f-bd692322e3ed, 0.4634502923976609, 2
182eba9d-54a9-443e-97c2-bdcf7c7ad517, 0.4634502923976609, 2
2043cfdb-ae40-4746-9bf2-9f856284453f, 0.4634502923976609, 2
32b4e74e-a375-44ef-b14d-9ae6a1b43407, 0.4634502923976609, 2
355516a0-b7a5-4be9-bc12-41c87d328c02, 0.4634502923976609, 2
36fb6159-c6ad-4012-bdbe-46d219a53fbc, 0.4634502923976609, 2
3cdbebde-b9fd-46e7-90ea-49d4510b7905, 0.4634502923976609, 2
3f18bafb-7888-4440-be5d-1add21f69ebb, 0.4634502923976609, 1
4147ae66-9306-4e7c-9d76-d0656e6bc943, 0.4634502923976609, 2
47ad345c-de55-4c3a-831b-efb005fa1847, 0.4634502923976609, 1
4823cde4-08d1-4bab-b69e-3a54714346bf, 0.4634502923976609, 2
501cefb4-84a1-4d3d-bf8d-7feaf506bfb4, 0.4634502923976609, 2
61a6c4b4-e5ab-4a09-802a-d6e03b15577e, 0.4634502923976609, 2
652e22e5-c808-45be-b4ba-7cb4ed953c5e, 0.4634502923976609, 2
6592930a-fab6-4014-964a-1f535503819e, 0.4634502923976609, 2
8534db2e-c404-4ef6-b431-ddeb9496d53a, 0.4634502923976609, 2
91c10855-e8e9-4a8b-be5d-c70aebd894e9, 0.4634502923976609, 2
92b0ec04-4487-43c0-935d-58a42727325a, 0.4634502923976609, 2
936fb0a5-711f-4060-80fa-5d901be3e287, 0.4634502923976609, 2
99cb3295-52e3-4a8f-89e6-76e89eb8f215, 0.4634502923976609, 2
a11a0aa0-8eb3-4d63-b16f-ab2ebed0d314, 0.4634502923976609, 2
a397552b-ff73-47a1-9e51-fd34b5f2df57, 0.4634502923976609, 2
aec1a411-e237-4987-bc18-e760b71c8025, 0.4634502923976609, 2
affdc5d0-b4c2-447c-acb9-0bc0bd5f48d4, 0.4634502923976609, 2
b79c2772-f3dc-49f4-b48c-1bea3d5d529e, 0.4634502923976609, 2
c92facc4-47d8-4bc2-b34f-7b81e18bb2d4, 0.4634502923976609, 2
ca9e7993-741a-4e23-a7e5-f53fa89da1d1, 0.4634502923976609, 2
cc1f3029-fe81-4c88-b119-65f13a9f0eb1, 0.4634502923976609, 2
cd036111-c971-445d-ac55-151c4f9c8f23, 0.4634502923976609, 2
d1e8aeea-7c59-4127-908d-70076e279e36, 0.4634502923976609, 2
ea40ee34-893b-4b75-a37a-62b89d6f1b84, 0.4634502923976609, 2
ebc84124-ab40-41dc-a267-162a2ccdf287, 0.4634502923976609, 2
eda07e99-b955-4322-b385-9da945a4d272, 0.4634502923976609, 2
fa1e1aae-398c-48cb-ae44-2c62cf1d962c, 0.4634502923976609, 2
fac08f89-1efa-4ef8-a916-0014f7640187, 0.4634502923976609, 2
fe5efd8c-8e29-453b-8282-67ff0c855038, 0.4634502923976609, 2
5c97a291-b606-41a8-ae87-38a43b52afc8, 0.4627192982456141, 1
df3b33ad-5394-4d2a-9047-301e9a7de4dc, 0.4627192982456141, 1
fbbf3428-0cbf-4add-b1c8-39cb42f9695d, 0.4627192982456141, 1
1ca4fcec-c4af-412f-9542-e01b7e99d448, 0.46125730994152053, 1
e5d494c1-367a-4d7f-aab5-9b4f10a5ada1, 0.46052631578947373, 0
371127d3-9685-4381-9f2c-f5bdb0aca492, 0.459795321637427, 1
37eeb8ae-5288-42cf-a963-d00a5bc5557b, 0.459795321637427, 0
7d902b53-8dc2-488d-9034-0e59099dbe0b, 0.459795321637427, 1
924f83b0-c67b-4190-b5b8-c2f654fddd9a, 0.459795321637427, 1
ba2534ce-b2f7-41a6-8c0a-f2897524ec63, 0.459795321637427, 1
c9b98bfe-76d6-440e-a534-316c3302cb82, 0.459795321637427, 1
f075e7ca-5240-4678-ad8a-c73f7128feed, 0.459795321637427, 1
f2a3bfa3-b662-49a3-801a-a8eb9d149fe5, 0.4597953216374269, 0
36bd9686-dfa6-42dd-a9cf-45a6db602d43, 0.4590643274853802, 0
7ca87f5d-2f03-49d3-a18a-5bc1f191fd0a, 0.4583333333333334, 2
d574fc7b-c9dd-4228-8331-ab3cef701868, 0.4583333333333334, 1
15038b94-f8bb-468b-a2f7-61fd1dfa315c, 0.45833333333333337, 1
18c2d080-ed9b-4939-a669-9a2b813114c1, 0.45833333333333337, 1
30488b6a-cada-404e-ab2e-a20bd2498dad, 0.45833333333333337, 1
94a35268-6c8c-48a8-bba4-ddaa5407cdd6, 0.45833333333333337, 1
b1d334ab-91a8-4150-9a11-6a10aefc07fd, 0.45833333333333337, 1
cce0a1ea-bcf4-4bd0-a0a9-c8ed622e8a70, 0.45833333333333337, 1
e6279888-2d3c-453c-9ef7-f0a34f3c3569, 0.45833333333333337, 1
0962cf45-8184-4764-969b-191c665f7cdc, 0.4568713450292398, 1
1531a94f-c0e5-478a-a917-28266ca93189, 0.4568713450292398, 2
1b329dfb-c8cb-4685-93ff-d45aa014236a, 0.4568713450292398, 2
208c83e0-733e-493e-a83b-ca8acda2c2ef, 0.4568713450292398, 2
29df9edd-4cbc-4bfa-8df6-72ee78ed169b, 0.4568713450292398, 2
3bda532d-ec6f-469c-982e-a774a138c3ed, 0.4568713450292398, 2
4cabb465-5c1b-4e3d-b5b3-61fb48d2f8b4, 0.4568713450292398, 2
5cc98f73-6805-4b79-a304-60c6310f5e96, 0.4568713450292398, 2
6b88e6f2-d11a-4ff4-bf04-92722c55f81c, 0.4568713450292398, 2
86fb2d64-b118-4d30-a03a-bb6876dd7a3c, 0.4568713450292398, 2
8e405f3b-50da-429c-b6b9-2b82a4a06442, 0.4568713450292398, 2
941e5920-f425-4ee9-a9a6-190f19606d82, 0.4568713450292398, 2
97d1ca9d-1ac3-41b9-8ee6-da97c9260013, 0.4568713450292398, 1
9f8c975c-1608-43c8-a54e-c6435db44a03, 0.4568713450292398, 1
a2953914-110d-4b74-98ea-a013e45e95fd, 0.4568713450292398, 2
a72a4fe8-4a77-45fd-981b-3ab2f86eaa10, 0.4568713450292398, 2
b7e3aff3-782c-4553-9aeb-d5bebb164b7b, 0.4568713450292398, 2
c8a53222-fba4-4d49-a6e3-9a5046492a4f, 0.4568713450292398, 2
cc0ca85f-666b-4583-84f5-0fe4ed0b8c0b, 0.4568713450292398, 2
cf03b726-6b39-4e49-858e-9cbaff07b75f, 0.4568713450292398, 2
deef7545-1354-446d-91e8-759c7975d8be, 0.4568713450292398, 1
e302120c-b99f-42fe-b126-37959b4b8360, 0.4568713450292398, 2
e51c9653-71b8-48fd-ad23-550a90c7ebbc, 0.4568713450292398, 2
e906398a-3c8e-4f62-86e3-709d3bb78b40, 0.4568713450292398, 2
f7972363-0a44-4d22-a08f-18be117813f8, 0.4568713450292398, 2
0a117fdb-cefd-4f4f-8035-ad7f741a446f, 0.45467836257309946, 1
831eb128-647a-4109-8c32-971589016b00, 0.45467836257309946, 1
a558eecb-2811-4d2a-b454-29e99831f565, 0.45467836257309946, 0
1d92045e-adab-4a31-85b5-e4df66a3c55c, 0.45321637426900596, 0
1dc26708-7c35-4141-b364-d8510cfe127a, 0.45321637426900596, 1
47c50a4f-7afe-483b-88a9-eff472cc0134, 0.45321637426900596, 1
53b36df6-1658-43a1-ba4c-c29926b3a79a, 0.45321637426900596, 1
76e42deb-3a13-4849-8efa-19d3ab921bdc, 0.45321637426900596, 1
ceecf6c4-4ca4-4eb5-a9a0-d8f9e05a05f6, 0.45321637426900596, 1
d6ea5732-d155-4e1c-9e0d-5d3a5f63e2d3, 0.45321637426900596, 1
ee814955-b2d9-46ee-9b68-66473fefc400, 0.45321637426900596, 1
f4a750c7-a142-4b19-9010-b25f4eb54d70, 0.4524853801169591, 1
1a024448-7def-413f-8898-d48c2eaa05d3, 0.45175438596491235, 2
813beed2-11c2-4873-aabd-78930b63a4b3, 0.45175438596491235, 1
a5d1ae42-bed5-436e-9389-be373f7e4f6e, 0.45175438596491235, 2
d92bf099-c9ff-4aee-8e20-18a1be487d62, 0.45175438596491235, 1
f1f8ee21-5724-4e20-8a07-6130662d03d0, 0.45175438596491235, 1
108249d3-4111-4a45-9738-e58077faca11, 0.4517543859649123, 1
1c3dacd3-a1f0-454b-b6ab-e219a8dd35b2, 0.4517543859649123, 2
2fe55be2-ce1a-495e-9505-57f531c933dd, 0.4517543859649123, 1
31d6231d-6462-4886-9f68-15c15454b160, 0.4517543859649123, 2
747ea5e1-6724-427d-8eb9-254e00f8dab1, 0.4517543859649123, 1
98a5ed41-af61-43b6-a484-4de1afdb191c, 0.4517543859649123, 1
005e8902-a13f-4f63-81b4-c6c1c527bf75, 0.4502923976608188, 2
0c43d5cd-27a6-4199-bdce-72c73a576c84, 0.4502923976608188, 2
10fd03b6-1ce4-4aa1-b82e-216e4b12de94, 0.4502923976608188, 2
1659162d-93b5-46e7-b4fd-ae4249f9aaf6, 0.4502923976608188, 1
1c261c1f-5d5d-49d5-9f54-dbb8b65e6036, 0.4502923976608188, 2
2fb1c9b4-a985-46ae-aa1a-59311e5b4bb6, 0.4502923976608188, 1
3783b3fa-04c6-465a-991a-100bda8eddf4, 0.4502923976608188, 1
39b977da-66eb-4f05-a068-a60731a04955, 0.4502923976608188, 2
3fc3970a-09f4-4ec6-920d-f854ebe59c12, 0.4502923976608188, 1
402ae9de-8c54-4e44-a44e-6bd0c3552737, 0.4502923976608188, 1
57f9642c-007e-4dfe-a270-1ab247abad66, 0.4502923976608188, 1
65582947-38bd-431f-b7f5-6d60081adb66, 0.4502923976608188, 1
6bb2e020-f62e-4ab6-becf-b61368b970f9, 0.4502923976608188, 0
6e0695ba-3695-442b-9825-37a5d40d1d34, 0.4502923976608188, 1
70ef0afc-4be8-4e07-8681-0d242c827f15, 0.4502923976608188, 1
73e6e7b9-151b-4af0-9bd4-7570388896b1, 0.4502923976608188, 2
7e5ff432-c264-4888-b182-c46193bcf8b5, 0.4502923976608188, 2
86b6e347-5e68-4967-81e8-5070a975fbe1, 0.4502923976608188, 1
a644d7b2-4f01-4f9f-82f0-e91e55cbf862, 0.4502923976608188, 1
c985e802-f4fd-4165-ade5-7e0aca6dedba, 0.4502923976608188, 1
ea2a55f5-6f7b-4126-815c-5cb406f14e37, 0.4502923976608188, 2
ef3264e1-7e6b-4137-8ac9-4b4ba2b4d662, 0.4502923976608188, 2
fc0aed30-d03f-4edf-98d7-e9db07659fc5, 0.4502923976608188, 2
90768c52-efea-4b94-9c7d-ae73af37ce84, 0.449561403508772, 0
0b4bedc9-fdf9-47df-b81e-7a388d7bb4db, 0.44809941520467844, 0
20c71fd4-e0a9-4e23-afc1-4b50c3a59318, 0.44809941520467844, 1
5b2981ca-8c19-4ac5-bb52-4a5300666d87, 0.44809941520467844, 0
afe6effa-39c8-48e4-8459-d6dc02ae9d34, 0.44809941520467844, 1
36b51433-7946-45dd-86ac-804fe5c45de1, 0.4466374269005849, 1
605d0473-a643-4c58-b00a-6770e9f0a35c, 0.4466374269005849, 1
b9329181-f5fa-4292-a897-5e3a7ffb8e30, 0.4466374269005849, 1
e441b8f7-03da-4401-b42e-44fc29684d31, 0.4466374269005849, 1
5f27fe58-facb-4c4e-95c8-3954c0e3d585, 0.4451754385964913, 1
0560c66d-64a3-450d-8569-6b4ccf8bcef9, 0.4437134502923977, 1
26fa1a5c-d00e-4ce3-91d7-1cde5b1f13d6, 0.4437134502923977, 2
31baab20-dde4-404d-8f7f-6ec0eb5dfbf1, 0.4437134502923977, 1
968255c7-5ded-4330-ad82-d6436ed872e5, 0.4437134502923977, 2
b91bcc81-3460-49f5-aa6b-6c6a8b0fee08, 0.4437134502923977, 2
c67efd17-3d05-413b-a7a5-017c6d81f20f, 0.4437134502923977, 2
f0209766-1790-4a02-903b-6949e6049eff, 0.4437134502923977, 2
f2a6a1f0-eba9-4a83-a867-10f55ba9f5cc, 0.4437134502923977, 2
80e9fcfd-ef95-4b34-aa83-72b5936829bc, 0.4429824561403509, 0
82f78402-9210-4c1e-883e-dc90515aab0e, 0.4429824561403509, 1
a6d81de8-00b8-413a-a81b-026df4d318fb, 0.4429824561403509, 1
9aa6b23b-1ec8-4098-8a76-24234f62b3de, 0.4422514619883041, 1
0ed4be93-8e39-40b9-a6df-9c0a14189955, 0.4400584795321638, 1
ae584923-f13e-4584-ad82-5e5f3424694b, 0.4400584795321638, 1
131c749a-d3ff-449f-9c06-c6a9da8173c8, 0.43859649122807026, 1
5005ca76-81c0-4a4b-98ed-a6b23453505e, 0.43859649122807026, 1
7202015c-317b-4877-a0e4-c623cf8109c2, 0.43859649122807026, 1
679a5b83-1582-48eb-8d4d-710126605b88, 0.4385964912280702, 1
c8a92889-b18b-4cfb-b4de-802dd74b9b42, 0.4385964912280702, 1
e172f42c-caed-427d-a190-6b5dda9b241e, 0.4385964912280702, 1
ea750093-fb94-49cd-b7d6-5382edb8cdbf, 0.4385964912280702, 2
f12f295d-4174-4bda-b036-098eca5a63c2, 0.4385964912280702, 1
1093e4ca-b346-4ecd-a9cb-3eb9d1728fca, 0.4371345029239767, 1
33eef04a-62cf-4644-bf5c-ff23620bccde, 0.4371345029239767, 1
71ab47d3-31c1-42f7-bf17-2771ed5b1a02, 0.4371345029239767, 1
83364c89-0ced-4ea3-92f3-b393ebba4c94, 0.4371345029239767, 2
90a77810-337d-4cef-832b-15282767b66a, 0.4371345029239767, 1
aa057508-0af2-4bf9-ae0e-a3c135b8f3ed, 0.4371345029239767, 2
ed1cf75a-6443-4bc9-904c-21db73e406f8, 0.4371345029239767, 1
f92936e9-0e5d-49b6-b6fa-febe1a04cf61, 0.4364035087719299, 0
0493bd58-ec52-417a-95c7-f5396bb42c4e, 0.4356725146198831, 1
05e24d4d-146f-48c2-9ab7-aa6e47f51a90, 0.4356725146198831, 1
0bca3a94-3959-46be-90d4-1bf9009bd4dc, 0.4356725146198831, 2
106f8df9-e577-40cf-975f-7a4ca20eada4, 0.4356725146198831, 2
1b1247d9-f01f-4f0f-aac1-d032e6dfe0b4, 0.4356725146198831, 1
255c4ad7-3395-433b-9edd-0b4afc82b6dc, 0.4356725146198831, 2
26e71007-e0fa-4b24-8777-0ce269d63967, 0.4356725146198831, 2
2d71e36d-4e66-43e2-b88e-e1813feecb9f, 0.4356725146198831, 2
2ec95a51-4f42-4912-9410-514258cade33, 0.4356725146198831, 2
2ee1b7e0-0517-4c9b-96ea-7bd3504b8033, 0.4356725146198831, 2
2eef9d94-086d-4ef1-9e51-9788396a021f, 0.4356725146198831, 1
3681eeb3-af36-4153-85f5-5e142db27653, 0.4356725146198831, 2
455e6fb4-98f9-4458-9650-bab4993c28dd, 0.4356725146198831, 2
4b0a7aef-59f0-41a1-bfc5-b1c12a9a5ee0, 0.4356725146198831, 2
55fc16de-0c7d-46be-8ee9-4442ee59fb70, 0.4356725146198831, 1
624d114a-7653-48f9-b16a-de87cd223a1e, 0.4356725146198831, 2
717c7d7f-b71e-49a2-ae7e-6a15001fa0fb, 0.4356725146198831, 2
770cf7a7-33c5-4107-bbdf-8e23c3275d34, 0.4356725146198831, 2
77c0bb0c-1f56-41c7-8a5f-ed934bdacf36, 0.4356725146198831, 1
7c294602-dc1d-4b0f-b9e9-4cce07bc7126, 0.4356725146198831, 2
88366d1d-0d63-449c-a15b-337f04e4519d, 0.4356725146198831, 2
8a4f4c35-3751-4be5-af22-22f0290ebc23, 0.4356725146198831, 1
8b172f1e-6ad3-4e18-8be1-e2691543fadc, 0.4356725146198831, 1
8b7e951e-c701-4db5-ab5e-b8270d54e473, 0.4356725146198831, 2
923cf289-d76d-4504-8835-78303db12bb3, 0.4356725146198831, 2
9420587a-d4ef-45c5-9c4f-ace2dec582b9, 0.4356725146198831, 1
961e79d8-9dfb-4542-8043-2e13d39615d8, 0.4356725146198831, 2
a5c95864-6bac-4427-a038-969365e8dcda, 0.4356725146198831, 2
b2670b7c-d7b7-4f5e-a562-d3974034bbf8, 0.4356725146198831, 1
b95da914-8675-4e06-9de6-08a897b1274f, 0.4356725146198831, 2
c8de4db3-d69e-489a-8862-a8411906c5a5, 0.4356725146198831, 2
d6fbe0a4-c19e-4e76-941c-28f03f671af8, 0.4356725146198831, 2
d8c7dc25-128b-4d7c-b374-b4d26c4c9e95, 0.4356725146198831, 1
e78379bd-3c09-4d8b-88da-992ed8b7d6f5, 0.4356725146198831, 2
e8b719b6-8877-4ce6-976f-7b021cd4ef9b, 0.4356725146198831, 0
f3ce3f2f-c341-4ccf-90a9-d02aa62e3c19, 0.4356725146198831, 1
f650e154-4591-4a25-b881-d15b0b6a1e3b, 0.4356725146198831, 1
fdef1a00-f49c-4bd2-8bfb-fbb0c4761f6a, 0.4356725146198831, 2
ab7693e2-4c68-4807-8584-11e6ef7242f6, 0.4320175438596492, 0
af9c46d7-9bf7-4b13-b25f-1507434818dd, 0.4320175438596492, 0
d9e1aaa0-2cfc-4d4e-a7c2-df44efddb93e, 0.4320175438596492, 1
df23f01a-c71f-4b4d-8d0c-68d99f2e6476, 0.4320175438596492, 0
2610ba0d-2c2b-4f49-a08d-0b46b5e93f6d, 0.43055555555555564, 1
2d403bdc-c372-4fba-b22c-d184badf5486, 0.43055555555555564, 1
3b8d4a99-f0c4-48fc-a624-6455355751d2, 0.43055555555555564, 2
3e6a1d62-ba3c-4782-8198-3be165560ecd, 0.43055555555555564, 1
4b52611e-7d33-4031-9e6c-7acdb7b44e39, 0.43055555555555564, 1
4d3fc259-e1e5-4b74-8eb7-66bff01d1a20, 0.43055555555555564, 0
5192c1a9-8dce-4949-b0c1-fc07419e809f, 0.43055555555555564, 1
6730cb3e-8edd-4b72-ad9b-464c31043b96, 0.43055555555555564, 1
8b293e3d-4a05-4a58-84cb-d865b203fbbb, 0.43055555555555564, 1
996fe5ed-15fb-482f-bba2-fd0c0ad4135a, 0.43055555555555564, 1
d3c51185-dae9-4605-b06c-f4ce106c49a3, 0.43055555555555564, 1
0e33a85a-c385-4e6d-8266-450cd4e16dd3, 0.429093567251462, 2
11d9aa96-53f4-40c8-8eb2-3268b8c90f78, 0.429093567251462, 2
25b2433f-5e53-447d-b0b0-a3dfdc8ed70d, 0.429093567251462, 1
2dd598ae-210e-4d71-b194-2f12b28fc84c, 0.429093567251462, 1
3b6d60a7-080b-4486-82f0-519082ad45b7, 0.429093567251462, 2
46dac6e6-49db-4eb1-834f-8da25e8362e9, 0.429093567251462, 1
52d09f4c-2f53-458d-85f8-bdc18239917f, 0.429093567251462, 1
5a40ff46-8075-4462-93f6-a195219edf42, 0.429093567251462, 2
6698fc13-095e-431d-95b0-2ab03f5e58a4, 0.429093567251462, 1
6fcf16f4-2b0e-4aaa-85c8-a720276cca3d, 0.429093567251462, 2
77056b66-f94a-4399-a19b-e71762d124d9, 0.429093567251462, 2
7cfb5469-3753-4feb-8b9e-8b89f48a2e33, 0.429093567251462, 2
7df1feb4-4767-4877-b18b-ea205c537452, 0.429093567251462, 2
828b2e8c-2e2a-4f5e-913d-02053218f67b, 0.429093567251462, 2
c6ff1cf2-1fdd-4d68-b6e6-69813d9c0e1b, 0.429093567251462, 1
ca7233cb-e50c-46fe-b2d2-c6d2849193db, 0.429093567251462, 2
dfabaa99-e24d-464d-902f-20008d50ef37, 0.429093567251462, 2
e371fb70-67b6-42fa-b297-7a8bae062032, 0.429093567251462, 2
f188efb8-49ff-4866-b441-e84becccaa8b, 0.429093567251462, 2
f24b6b33-1380-4c76-a4ab-6e3df4073a92, 0.429093567251462, 2
f3e5536e-d3f8-449d-b69f-8acf1eeff4e9, 0.429093567251462, 2
fd97742f-7abe-4767-9ce2-ebe528fac333, 0.429093567251462, 2
37f9d327-cb1b-4112-a21f-11569858651e, 0.4269005847953217, 0
9b60dd07-d736-43d6-8dfe-a782502ea869, 0.4269005847953217, 1
f515a81d-457b-4d35-b85c-b9ee72396496, 0.42543859649122817, 1
799727d7-ad4f-4dc5-93be-1f3a66fab560, 0.4254385964912281, 1
76e025b2-dc88-4583-9cee-bdaeb8704cf9, 0.42397660818713456, 1
b8aca79b-e744-4ea0-9b05-7b0d8c90c55b, 0.42397660818713456, 1
c9a4ba32-8144-4c7d-8b4e-ce4b211408af, 0.42397660818713456, 1
0d6ebe2d-83b2-4665-b730-6b0854ef83e5, 0.422514619883041, 1
124e1e6d-5a94-4793-a8a7-8ed289bf3e1f, 0.422514619883041, 2
2726627f-b21d-40b9-b56e-fb7502b3a733, 0.422514619883041, 1
80147683-0144-4021-b395-61dd525866f1, 0.422514619883041, 2
9c96b8e2-2a7a-4cae-99af-509ed30b9fd5, 0.422514619883041, 2
afefbc93-4029-4ab2-9750-40f0d5d84909, 0.422514619883041, 2
d9712671-16aa-4241-a938-f3831856920f, 0.422514619883041, 2
f10857df-9c05-4125-9e81-f7d3796b11e9, 0.422514619883041, 1
f68db0ce-626c-48c9-ae87-141813b96013, 0.422514619883041, 1
be4f768e-cc7a-4979-8473-c6665f982fd3, 0.4217836257309942, 1
64ce8fc7-9646-4ac3-bd84-5e09374b45b4, 0.42032163742690065, 1
20b10dea-baef-4645-b268-76725964e531, 0.4188596491228071, 1
7952027f-71c6-4ea7-83d8-0295940dc0d9, 0.4188596491228071, 1
145cdd5f-fc85-45fe-95c8-74d68a4b8349, 0.41739766081871355, 1
25bcf7a7-8473-4e59-9970-37017a56364e, 0.41739766081871355, 2
7a471456-045f-4b75-b5fd-b47bd6993f90, 0.41739766081871355, 0
8bc17cde-c5fa-49f1-9eab-eaa6d3f599a2, 0.41739766081871355, 1
9edd3b14-2eee-41ee-b353-e0716adfc2e9, 0.41739766081871355, 1
a75ea6fa-d782-4594-a735-a9e4f80ca9a4, 0.41739766081871355, 1
b5522cb2-d06e-43dc-b08e-d164d939d011, 0.41739766081871355, 1
0f2af0db-ddef-48a4-9b09-f1f860e2280f, 0.41593567251461994, 2
284db34f-632d-41ee-bc01-018ae787ecee, 0.41593567251461994, 1
9f1cfd88-36fb-4e22-a88d-bf3ead746604, 0.41593567251461994, 1
c8c96e8f-7d1c-46d7-bfd5-ab305752c9dd, 0.41593567251461994, 2
cfc4306e-a271-44a7-96e4-e4a23220836b, 0.41593567251461994, 2
f4770ee6-8e2b-491f-8c70-6d7b71186805, 0.41593567251461994, 2
ff3a1410-c4d5-4656-9634-2c43b3eacd57, 0.41593567251461994, 2
1e8c7f4f-792d-4480-8702-8fb6e28b04bb, 0.41520467836257313, 1
46a172e5-8484-4a45-8d55-0d3a5b965459, 0.41520467836257313, 1
bf560502-ebc9-44ae-a1bc-ebe23236804a, 0.41374269005847963, 0
10ceaed4-85a6-4495-8763-15ede2353cd7, 0.412280701754386, 1
96a3e0cb-9b65-4163-a553-823416ea5803, 0.412280701754386, 1
f4d2a4a5-9940-421b-8321-6a62c1d9baf7, 0.412280701754386, 1
05a19601-22f5-49cd-b1cb-6a4377546672, 0.41081871345029247, 2
6ba5039e-20d3-4cef-a5f6-301f32228146, 0.41081871345029247, 1
70173330-8c49-4bd2-84ec-e425d590aab8, 0.41081871345029247, 1
85cf775d-3122-4bcb-a7cb-e1288d552668, 0.41081871345029247, 1
81ac2267-a1ec-4f40-909d-610f92ec3019, 0.41008771929824567, 0
38a344d6-9a5c-428d-982f-bc4422b0cb3f, 0.4093567251461989, 1
511ff725-3b97-4f1c-bdbf-0d964351bfd5, 0.4093567251461989, 1
69f9ec5b-05e7-45a8-ab4f-e3a1eeccd7ae, 0.4093567251461989, 1
a8f5dff0-3c24-4f7a-87d5-4a4348d7c777, 0.4093567251461989, 2
b19fc8b1-e71a-4aa1-ba63-2e205195fb12, 0.4093567251461989, 1
cf7801a4-6f91-4229-bac1-151641b14d04, 0.4093567251461989, 2
d6d77972-9ba9-4e1d-995d-c330a0d53ee4, 0.4086257309941521, 0
06f5df32-d9b9-4d80-b8a2-f3f243f63897, 0.4078947368421053, 2
0d89cbc8-652b-41a5-928a-0ee21802d7d3, 0.4078947368421053, 2
1ba6d25e-662b-4a82-a0cd-2cce0fb1a4ce, 0.4078947368421053, 2
2ff46b31-ba1c-40f9-b599-f1b700130b05, 0.4078947368421053, 2
3012c0b6-d027-48ca-91b3-544dae8d48dc, 0.4078947368421053, 2
379ca601-6b61-4c5d-b063-dbc8a71eac92, 0.4078947368421053, 2
3d6bdfd5-4f7c-4fde-ad38-8f2ca8d77bf5, 0.4078947368421053, 2
4611cfa6-b472-4c4a-93c2-15051d6022c7, 0.4078947368421053, 0
49492c70-6a72-42d1-8a47-9dd36034382d, 0.4078947368421053, 2
4c0fae90-f85f-4568-b8c6-c2b41cc1f805, 0.4078947368421053, 2
55491468-0c3a-4ae4-9a53-1b15cebce874, 0.4078947368421053, 2
56da0576-424f-4f3f-9d21-1d2762660aba, 0.4078947368421053, 2
665ad165-511b-4c82-986b-783f0b0922e7, 0.4078947368421053, 2
6bae8590-4252-4aec-aa7d-6da91a3fb5ee, 0.4078947368421053, 2
6deb1a67-bf31-4525-8d88-4f5828f59400, 0.4078947368421053, 2
76b366c0-bf53-456d-957b-e9028855acbf, 0.4078947368421053, 2
79dfcd24-8004-4196-b0e5-01b2092021a9, 0.4078947368421053, 2
804be87f-d85e-4680-8017-852b32c43a1f, 0.4078947368421053, 2
8e91367f-c915-4ac5-92ba-eba12ce9b093, 0.4078947368421053, 2
90bd20c4-2d3d-4062-a151-59a6223f3f55, 0.4078947368421053, 2
931472ec-49ff-4f83-b8a7-e6c64f918ed2, 0.4078947368421053, 2
93a5b13b-939d-43ed-9616-f2fae0eafb0d, 0.4078947368421053, 2
9804e337-2eb1-4bfb-bb73-30202e8f3382, 0.4078947368421053, 1
9e0cea0f-a3a7-45bc-bdaa-dc3379f03195, 0.4078947368421053, 2
a6b89f20-ba37-445c-97a2-4d775360e29b, 0.4078947368421053, 1
acba9c8c-949a-4dee-98c1-14c0cc926fca, 0.4078947368421053, 1
b3f7af17-a5ae-49bc-9b24-281384b213b7, 0.4078947368421053, 1
b7c442b2-febe-44d0-8d53-c066d1ee5252, 0.4078947368421053, 1
bbd09091-448a-4ce6-adc7-fd9c6b81dae7, 0.4078947368421053, 1
c666f479-cfe4-45d2-a68c-f8be63c6e1e8, 0.4078947368421053, 2
cac707c9-0070-40b8-9e7a-d0dcc286348b, 0.4078947368421053, 2
cc191e3a-275a-4ee0-b311-4024c4a8b0a2, 0.4078947368421053, 1
ce49a747-cdd6-49c2-ad53-49a2a9e5b77a, 0.4078947368421053, 2
d3c645e6-d5f7-45fd-b56f-9a799bd8926d, 0.4078947368421053, 2
d87b2734-245f-4ee9-b471-ca5173f13b95, 0.4078947368421053, 2
eefc85bd-5dc2-4498-8ce9-531a669e04d7, 0.4078947368421053, 2
f3f41408-24e9-4ff1-992f-28b1b3dcbb19, 0.4078947368421053, 2
25a5e983-be42-443d-a5dd-e7849e9e82f6, 0.4071637426900586, 0
d3d17658-f173-439e-85db-10b3a57c375d, 0.4071637426900586, 1
2a0a3b1b-a5c4-49cb-94fc-8554d53a2d5f, 0.405701754385965, 0
ad6f002a-63cf-45ed-b646-334d80d1b94d, 0.405701754385965, 1
0e07b8f3-795d-4658-a443-b1efc5060a91, 0.4042397660818714, 1
28f6da81-0f9a-47d9-ad42-08097c651a41, 0.4042397660818714, 0
2cdfa153-a3be-4214-81d9-d01952a8451a, 0.4042397660818714, 1
6727ed8b-809f-4aae-a6a6-4a19a4124eaa, 0.4042397660818714, 1
9454a6ab-2f15-427c-9bec-a36ec0c745df, 0.4042397660818714, 1
9884971c-0b50-4fe4-9cf3-60330355a2dd, 0.4042397660818714, 2
c8c2252d-d9e5-4893-a982-729d1daf4511, 0.4042397660818714, 1
eaa25be0-5570-4422-bc71-2525c6e4816f, 0.4042397660818714, 1
3ad1f043-4d7b-41b1-b6e8-abdc258c19f3, 0.4027777777777778, 1
4055b88f-9849-45ce-8990-8ca53f4ffd79, 0.4027777777777778, 1
595de0ca-b67f-4325-9894-50cea7e0fb83, 0.4027777777777778, 1
6187f201-1ae4-4278-be14-973edf004f3b, 0.4027777777777778, 1
8bd17c10-f7a2-4d66-9626-c03e7cfc17c9, 0.4027777777777778, 1
98285177-8881-41f8-886d-e826b76f2734, 0.4027777777777778, 1
a254210b-d0fb-407a-8439-4d3a990c3ed5, 0.4027777777777778, 2
aeded281-3b9d-458f-af21-545f8285edb9, 0.4027777777777778, 1
b34d37c2-cd28-44d0-8380-4bae754ae42e, 0.4027777777777778, 1
c69d72be-21ee-4bc1-b85e-ea33570e3059, 0.4027777777777778, 2
cd0670fe-5eab-470a-bc84-f63b5f92e9d2, 0.4027777777777778, 1
0973bfdb-626f-421d-9bc2-c1582d35aa72, 0.4020467836257311, 1
2421cfb3-9773-49e8-ac40-caa94b539d3b, 0.4013157894736843, 2
31981143-ec33-47a2-a889-df626d9d0a73, 0.4013157894736843, 2
4b5b8eb7-35a1-4605-8fe0-831db41ea041, 0.4013157894736843, 1
4ef1c0ff-4c14-4f35-b2bc-d492b9d9f4be, 0.4013157894736843, 2
51bcc42b-3269-4797-8b91-9b113aaacf01, 0.4013157894736843, 2
653c4117-0d8f-452f-80fc-4a4be98b2e2a, 0.4013157894736843, 2
65fcf3f7-cc3e-497e-8522-df15563f8c6a, 0.4013157894736843, 2
7587be0e-c0c0-47e7-90d7-6ac7d4e70fe5, 0.4013157894736843, 2
a6f5985a-7721-42b5-87b5-53256bae6685, 0.4013157894736843, 2
c134b75d-a352-427a-ad09-3dd8c220cc05, 0.4013157894736843, 2
c6b5eef8-c104-4546-948a-07ee17e1cc40, 0.4013157894736843, 2
da67b0ea-fad4-4f3f-9cb1-4b6f6eb1fd79, 0.4013157894736843, 1
eead6898-2242-40e9-a4bc-7c6a92e0c96c, 0.4013157894736843, 2
f042da95-6952-4370-aab5-b7297f2f9a09, 0.4013157894736843, 2
123e3e37-2c76-46f8-ad86-69f0d8ccc81f, 0.399122807017544, 1
9de23707-6bfe-4a43-8551-0ea4e5733073, 0.399122807017544, 1
fa41ff62-098e-442c-b930-4ff8a2cb83ab, 0.399122807017544, 1
1d0e54f8-d11b-49cb-9bc8-799c2cb5e6f2, 0.3976608187134504, 1
26b41015-6d8c-4e65-970e-faf6248cc938, 0.3976608187134504, 1
5a134768-37cc-45da-9980-b3c363d83459, 0.3976608187134504, 2
7192f2e5-b49e-4bb4-8584-451d2147299d, 0.3976608187134504, 1
b3022bc9-0348-48c8-8a19-fceefaee52a7, 0.3976608187134504, 0
e90528a1-2117-416a-98e5-7525b0f57611, 0.3976608187134504, 1
129c6aca-7067-41fe-a898-f1e40c4c914a, 0.3961988304093568, 2
1ee010cb-57b7-45e3-a669-79d86753b1dd, 0.3961988304093568, 2
235dda09-3f4f-4eb5-92b4-b2a4a557c6e6, 0.3961988304093568, 1
61ff1ee6-bcf4-4137-9732-964c347a4204, 0.3961988304093568, 1
675248b7-9e91-492a-9548-d832ea5d77ea, 0.3961988304093568, 1
67acb9b1-1e7e-4cb1-9b49-758879466090, 0.3961988304093568, 2
7085c982-ea61-4672-b7c9-e422e04cc314, 0.3961988304093568, 1
b8417101-2630-427f-9daf-cd1ace3445f8, 0.3961988304093568, 1
c420d317-67c5-40ce-893d-fef66afae300, 0.3961988304093568, 1
da4743aa-cebf-41c6-9932-707e5e0449f3, 0.3961988304093568, 1
e363477c-c1f9-41b9-a608-b7e2c6fea597, 0.3961988304093568, 1
c4c7e8a8-9625-4031-a238-353af634bed5, 0.39546783625730997, 1
213a0494-12cc-4bf6-8793-25e29ca18235, 0.39473684210526316, 1
49fc804b-5347-4d97-bb4c-06ded3b795d8, 0.39473684210526316, 2
4c74adc1-4d3b-4611-bd4f-99213b3f0cc4, 0.39473684210526316, 1
5de8679d-eb4a-4da3-a6c2-d883153a1735, 0.39473684210526316, 2
698a8854-680e-4cd7-89eb-6fdeda230f1b, 0.39473684210526316, 2
722b8145-2ae9-47d7-b91f-ea446e153d35, 0.39473684210526316, 1
85771b07-4225-46a2-8765-c3442dfe9be5, 0.39473684210526316, 2
8dc19fa0-74f9-4cd1-ba41-725c66576400, 0.39473684210526316, 2
c1068ed6-aa1e-465e-bf83-4c848f56aac8, 0.39473684210526316, 2
d0b31ada-db65-483d-a223-ee79c086143f, 0.39473684210526316, 1
dc5e505e-4702-45a6-8c73-06ca9c344e39, 0.39473684210526316, 1
8385680b-1a99-4399-ba47-fb99369bebee, 0.39400584795321647, 1
b66bd2c3-bc4a-4a28-98d8-b6fdb4217e20, 0.39400584795321647, 0
21624117-bb1b-4f1a-9a03-ebe54f62b3c0, 0.39254385964912286, 1
c54acade-4ea5-48ad-80f2-8b2f4a0fc945, 0.39254385964912286, 1
08f86ef1-e718-4ef5-8581-b06ae5eba8e6, 0.39108187134502925, 1
14ddca87-0850-4960-9ab7-081456b0e2c0, 0.39108187134502925, 1
da3aa02e-f4ef-473f-97af-af9a9f0b0e2f, 0.39108187134502925, 0
da76f993-39d7-4358-8462-dc8c82072bdc, 0.39108187134502925, 2
e62b5c74-6f13-4662-9a35-fb95720c746c, 0.39108187134502925, 1
13c850bd-6ac3-4e41-a498-439ae06e9294, 0.39035087719298256, 0
00322b8d-2f22-4f91-9c04-21f53938e57e, 0.38961988304093575, 1
1cb7b702-fcb2-41f7-ab53-8194645425ed, 0.38961988304093575, 1
20009cfc-4efc-4283-92b0-fddc5c1c3c5e, 0.38961988304093575, 1
214e975a-c294-49e5-929d-707f907ccd9b, 0.38961988304093575, 1
5060a1ed-6582-42d6-b33a-386c88093032, 0.38961988304093575, 0
716f6306-ee3e-48a3-ab89-c9d3799131fa, 0.38961988304093575, 1
869ddbde-b951-4b28-8650-b1c28c69ae02, 0.38961988304093575, 1
d7c83cf1-bad9-4d44-adc3-1976e7479ada, 0.38961988304093575, 1
57002c76-32e0-46c6-8909-39e788039b5b, 0.38888888888888895, 1
61c32c2d-11b2-492f-8d44-7837977c2676, 0.38888888888888895, 0
6780f290-fd23-433c-ba3a-72a6d3df0c3c, 0.38888888888888895, 1
12ae1a54-bb22-4c0b-9931-021c8b12a40d, 0.38815789473684215, 1
1d98633a-7438-4360-b1d1-b93a6f59f7d0, 0.38815789473684215, 2
50d631d8-9a81-4a91-a9db-abcc87542cd2, 0.38815789473684215, 1
5871cb49-4265-4acd-b307-e16f053e5c52, 0.38815789473684215, 1
68a123b2-fd13-42d3-96e3-ec361be5cd44, 0.38815789473684215, 2
73ed11b0-bfeb-4af1-a549-9087d5fba854, 0.38815789473684215, 2
7ce6e269-20e8-4400-8ea3-3b3cb98605a9, 0.38815789473684215, 2
9f928229-b449-4e85-b617-ae72ef867693, 0.38815789473684215, 0
d03decb5-9877-42ac-b4ba-14361d9defbb, 0.38815789473684215, 2
d2e3a29d-15ea-4129-b096-a8a47c0d7878, 0.38815789473684215, 2
e1c3b29d-073e-4f9d-9b69-e85e95b7bc13, 0.38815789473684215, 1
e893a796-03d5-44e3-abd8-c461abe8e167, 0.38815789473684215, 2
efbad3d6-54ae-44d0-b3d3-fe2c1363723d, 0.38815789473684215, 1
fb62c984-8be9-4909-a66a-9b4ef58d77a0, 0.38815789473684215, 2
494d0ce5-da11-49f3-9bb7-e8cfbb72faad, 0.38596491228070184, 0
f27de8b5-79ea-4434-9bed-dd34be116a54, 0.38596491228070184, 1
5abac767-cfd4-4fbc-861b-2cc08afb74a1, 0.38450292397660824, 1
0bc3fc78-f968-43eb-83d9-b1e8f710fa58, 0.3830409356725146, 1
5c872941-ccc7-45ee-b480-790e96553492, 0.3830409356725146, 0
9b771085-943b-4f96-9bec-a0cbcbd53b82, 0.3830409356725146, 0
d1b6ba1a-1e4b-4676-ab77-d9e3835feffd, 0.3830409356725146, 1
d25a93fd-94f6-4739-b4c6-e139978256af, 0.3830409356725146, 1
ea2dc3a5-01aa-4990-a43f-1723d88e3d95, 0.3830409356725146, 1
eb8fe577-84f9-43c8-a0dd-f341940bcec3, 0.3823099415204678, 1
3b7193c0-a0dc-4250-854a-8b617bc966d2, 0.38157894736842113, 1
5893ad92-29e8-4e68-88fc-1a91dca17346, 0.38157894736842113, 1
656b8339-b198-464e-9d11-1d1f9fa10baf, 0.38157894736842113, 2
96929785-d364-4945-b1a9-707f3dd6d0ef, 0.38157894736842113, 2
9ca829f4-a92f-4b51-9a75-1ebd366be7e2, 0.38157894736842113, 1
a5e25907-7529-4742-a7d9-5c713681586d, 0.38157894736842113, 2
b70028f5-0c00-4591-a702-a73c2cdb5199, 0.38157894736842113, 0
d68af897-6945-4fcd-8322-e745ba1b1f62, 0.38157894736842113, 1
e9ba3006-1eda-4371-9cdd-8fca26624a11, 0.38157894736842113, 2
01215c6d-884c-41ae-85ac-27f81e5dd952, 0.3801169590643275, 2
04f328aa-5792-4e2d-a946-13bad3965bb2, 0.3801169590643275, 2
0d045651-fcdd-4da8-a5fa-dfb6e1ba35ee, 0.3801169590643275, 2
1292bc78-e090-4796-9ae8-fcfd0cf80d8d, 0.3801169590643275, 2
194a8280-17e9-4f01-8cf9-0423ee634322, 0.3801169590643275, 1
25431266-c4ec-4842-a5af-976effc6c30e, 0.3801169590643275, 2
2a674198-2f45-406b-b04e-b839db84009b, 0.3801169590643275, 2
2c4a69c2-1365-44b3-95c1-9a96e4e2d7cf, 0.3801169590643275, 2
2ce2539b-3ed8-442c-88f8-175acff78ab7, 0.3801169590643275, 2
393ebfcb-70d5-4d6d-91aa-2210ece0f520, 0.3801169590643275, 2
42b6776a-1e9b-477c-b409-4fedb965717f, 0.3801169590643275, 2
4812d436-114f-4fdd-9f99-d178035d338c, 0.3801169590643275, 2
4a745711-4086-46ee-b5fe-4eb6aadacf04, 0.3801169590643275, 2
50edba30-55b0-41bb-9f17-1ae7d4172f45, 0.3801169590643275, 2
57b48bda-b753-4d58-b8bd-66bc97284e37, 0.3801169590643275, 2
586e956b-fe6a-47c6-91ba-9088e234f917, 0.3801169590643275, 1
6ad0d325-e142-4b58-81b5-92acab1ce8de, 0.3801169590643275, 1
6e7f0072-089a-4cd8-92e0-7bbc42f5cd5e, 0.3801169590643275, 2
740282af-dae0-4cba-8a7a-92905a0f7183, 0.3801169590643275, 2
86efe043-8c26-4255-880a-174d35f6eaf5, 0.3801169590643275, 2
9e9a6c8f-b52c-46e9-a113-3cb1ee8e8dd0, 0.3801169590643275, 2
a6705001-2c73-4645-acbf-fbbd499345dc, 0.3801169590643275, 2
a8c6b11b-3596-4173-aae6-4bba05b3ff5e, 0.3801169590643275, 2
a9a391f2-d5b6-485b-bf9b-86f43a74dded, 0.3801169590643275, 2
bba8cae3-079d-460e-b953-c6512288d4b6, 0.3801169590643275, 2
d5e7d6ae-eaf2-4266-801b-b39fe017bb27, 0.3801169590643275, 1
da1d3fb5-5b6e-426d-a69c-28854b7de424, 0.3801169590643275, 2
e0a0f7b1-13ce-4fba-8341-6440d14e0eb0, 0.3801169590643275, 1
eba44fcd-8e51-4e01-a2a2-b21d0eadb43b, 0.3801169590643275, 2
ebfd5ea8-4fe2-4fd2-b4d0-3f770cfe5217, 0.3801169590643275, 2
ef058f60-a4f3-4d20-a911-28d0dcb92ca0, 0.3801169590643275, 1
f40ea95a-4c9f-49b3-a877-27790194f1b2, 0.3801169590643275, 2
ffa55b8f-d787-442a-a99f-393ba5dc9774, 0.3801169590643275, 1
275d7c4d-5f8d-463b-8024-1664a7e8c082, 0.3793859649122808, 1
f4434207-b5eb-4b28-92b7-dbd129d3a0d9, 0.3793859649122808, 0
02f3f03b-c723-4162-b625-dd29a8d76754, 0.3779239766081872, 1
0fc4650e-ee5a-4377-9bf8-778b3fd4325b, 0.3779239766081872, 1
51999400-6123-484e-829c-daed34a34cdd, 0.3779239766081872, 0
8a48490b-9b05-4bf7-8ce8-4917cf1917df, 0.3779239766081872, 0
a8e15292-d9f9-4e34-a5a8-ea36aeb558e0, 0.3779239766081872, 0
12fb43b6-34b6-4b09-b8c4-9c3d00c4b7f3, 0.3764619883040936, 1
1fe0d207-7c3a-4a03-987d-6af17439c569, 0.3764619883040936, 1
31d79ed5-b398-4063-8647-78473b4d87ce, 0.3764619883040936, 1
6b0b16d8-8ec9-4eb1-82ff-4eba045e7028, 0.3764619883040936, 1
71c2237f-e137-4190-a9bc-ec418b02f19c, 0.3764619883040936, 1
c0a1a97d-dd58-444b-9fd8-d868897db159, 0.3764619883040936, 1
4844e01e-7fe2-4756-b0c8-3fadcbf2b2ce, 0.3757309941520468, 1
01acf73b-6293-436a-bca9-eebe2c43a4bc, 0.375, 1
58a95b8a-dc4a-4a13-9aa9-8051e3657f8b, 0.375, 1
5e542e50-91c0-438c-ae29-34db0c543f53, 0.375, 1
5e54dd54-24ac-4b4a-af3b-7aaba3aaa50b, 0.375, 1
7f9ea8bc-2bcb-4bc3-8ab1-d810624e5927, 0.375, 1
858c6fd3-eed5-414a-9dd0-5d296fb48023, 0.375, 1
a47de3cc-1e32-4dd7-bd85-d4124a3aec0b, 0.375, 1
b84628c6-b434-48b4-9a40-7bb11ba19452, 0.375, 1
d5061114-5ece-45db-8c6b-c0d571b4edf3, 0.375, 1
06e69f44-84c3-4877-bb77-365851f974b8, 0.3742690058479533, 1
98162c85-c831-4f72-9d53-bfd99a6ff984, 0.3742690058479533, 1
1160cbe9-7c24-4304-b852-36ab6ba33aba, 0.3742690058479532, 1
06d9ed36-3975-422d-b126-6078eaf1e465, 0.3735380116959065, 2
14424e09-7355-4e0b-b278-8d233f7762ce, 0.3735380116959065, 2
2296eb25-6173-4a9c-99c4-2c869c5cb213, 0.3735380116959065, 2
27b54761-bc3f-4b7e-b3ec-470fcfa247be, 0.3735380116959065, 2
35950879-2ec9-46db-8842-5412b929fbd1, 0.3735380116959065, 2
4b2e6e4f-0e85-48e1-b670-4de12b8cd8f9, 0.3735380116959065, 1
4d7ba40c-3e0d-4c19-a7b3-901e2ccb155b, 0.3735380116959065, 2
51bc51dd-8fc0-48ee-ba7e-fe173a732adf, 0.3735380116959065, 2
7bd9dee1-e265-4465-a6b4-306fac78b902, 0.3735380116959065, 2
876c6046-5c3e-49b5-baa6-ec7a5fa93c4c, 0.3735380116959065, 1
9948d705-d4cc-4029-976e-d0135b3e3d64, 0.3735380116959065, 2
a0d0eec2-7d38-4188-94b9-b62ff65d6fae, 0.3735380116959065, 2
a63ef2f1-394e-48b9-9b68-f734630b3d6b, 0.3735380116959065, 2
a838a9a7-832f-4bf9-8fab-1b3c0f79c3e7, 0.3735380116959065, 2
b86eef9f-821b-4a2d-94d0-a69e1c01424f, 0.3735380116959065, 2
cefb0a2b-23a4-4b1b-9e64-a29b8a7374f0, 0.3735380116959065, 2
2f740d4d-d352-4f42-8131-24e1c2484026, 0.3713450292397662, 1
691fbc36-16a6-4164-b49e-d654efc947c4, 0.3698830409356726, 0
bb2887a8-358e-4659-bc1a-dbf737745a6c, 0.3698830409356726, 1
25f7b55e-5bb7-41e8-9527-8321ced0aa77, 0.368421052631579, 2
2639bd2d-04ff-4db7-b1c0-c83d564509a6, 0.368421052631579, 1
87ad58ba-d6bf-4430-bbd7-5358c30a7e1b, 0.368421052631579, 1
a98d8c70-cc17-43ae-abee-8b776ebec45f, 0.368421052631579, 2
dca8b159-2f86-4290-81c8-d7ca0b44a672, 0.368421052631579, 1
81aa2922-65f7-452e-bf6a-d7a195892649, 0.3676900584795323, 1
9ff0b253-d804-49ff-88b1-d18a50b1921a, 0.3676900584795323, 0
20013dfd-7f34-42a7-9d10-772729a75cd3, 0.3669590643274854, 2
225385fa-f0f6-40d3-850c-cc5b21830b06, 0.3669590643274854, 1
2ec72606-5e57-4e21-bf9e-77b980d73704, 0.3669590643274854, 2
2ede2664-7b49-40df-ace6-57c12a2fce18, 0.3669590643274854, 2
a3ae8a02-fe3f-4911-9694-f59bee0882de, 0.3669590643274854, 2
fdda63be-b231-488b-b763-b08a4764b9a5, 0.3669590643274854, 1
2bb3b17c-369c-4051-89dc-017fbfc49fe1, 0.3662280701754387, 0
31533368-3e96-4355-8a06-e548e53b6f98, 0.36476608187134507, 1
6ea499ec-0fa8-4000-ba48-c90cc056d172, 0.36476608187134507, 1
9d2428b0-660d-4996-acf2-cc61e0e9cfb0, 0.36476608187134507, 1
d28c17dd-918b-4506-9f98-b8a7197146ef, 0.36476608187134507, 1
258d922f-db59-4ae6-9be7-6b5c9b76e754, 0.3633040935672516, 1
26a78e47-36ef-40ee-b1a4-368bc618462a, 0.3633040935672516, 1
2f41fd60-6f1b-4922-8283-dfd33a3210bb, 0.3633040935672516, 1
65b9d679-d81e-4e00-a02b-27901acbc395, 0.3633040935672516, 1
90fd3c86-907b-4763-8a3a-4dce0849c465, 0.3633040935672516, 1
c6c3e63b-9feb-4a19-a34c-edfebfd9fd2d, 0.3633040935672516, 1
de7d42f4-2041-4d5a-97e5-4f921d4a4ae7, 0.3633040935672516, 1
23393bc3-6fd3-4986-8842-f0261829a335, 0.36184210526315796, 1
307c1995-fb98-4f55-8656-9e467f049e2e, 0.36184210526315796, 1
53fbf990-1da3-4cd2-b6af-37ec4fb7c6ea, 0.36184210526315796, 1
a902422f-1ee7-40ef-9448-b4d9dc0864f6, 0.36184210526315796, 1
ddb47d48-831e-4289-8c36-58ddcb025464, 0.36184210526315796, 1
e2359229-0095-4ae8-9eab-3c4795efaaa0, 0.36184210526315796, 1
f9e6a177-696c-4b06-b8c6-f0c8a2531e28, 0.36184210526315796, 2
37985217-f3a7-4bfb-bd91-1f1302ed8fde, 0.36038011695906436, 1
548cafee-6494-4de4-b7d9-48df99f00230, 0.36038011695906436, 2
96a68be7-9b94-4bf0-89e0-1d24b52c9e26, 0.36038011695906436, 2
9a68b475-e69a-43d5-9325-32028f98d611, 0.36038011695906436, 2
a79e2ca8-36f4-49c3-a4c3-202d10f7c469, 0.36038011695906436, 2
b9905dd4-8683-45d4-88c3-62d066696765, 0.36038011695906436, 2
ee6f9d40-4895-4b43-9b01-eb1edeaa9894, 0.36038011695906436, 2
f6c66970-6380-4ed0-89c8-0a0d8ac536f5, 0.36038011695906436, 2
4b397d8c-815b-4f18-b97c-0cb8962eba56, 0.35745614035087725, 0
6997d1d4-78dd-42a0-8451-3f1b081449e4, 0.35672514619883045, 1
b5cd9ebb-f628-4fe9-b591-fe9cede618fc, 0.35672514619883045, 0
f1bf5fd8-5e7f-4e28-909c-9d3524bec4de, 0.35672514619883045, 1
04269c07-f908-439d-ac11-fa23131037e9, 0.35526315789473695, 1
813e963f-c031-4b02-8fde-48970be16343, 0.35526315789473695, 1
994d3aab-1a62-4f0a-a8b2-19c0e83ef95c, 0.35526315789473695, 2
c5656ca4-85c5-42dc-86fb-36c68e36d6b8, 0.35526315789473695, 2
328f77a6-3eaf-4177-a8e0-7f03a9187f58, 0.35380116959064334, 1
4ff8a1a6-5e56-43a1-bdf5-577abc4bb2fc, 0.35380116959064334, 1
50b34aeb-3161-44b1-8f78-41d1b80dae52, 0.35380116959064334, 1
79c9096e-c9ca-4f03-9f49-f53e576a23ec, 0.35380116959064334, 1
18a4ab70-3691-4ebe-a082-725910ac0bdf, 0.35233918128654973, 2
1cdf5459-9bb3-46b2-ac48-865bc8cc9b63, 0.35233918128654973, 2
20375bbe-e04e-4fc0-a2d9-158c21842363, 0.35233918128654973, 2
21af4054-5d92-41ad-8e13-941e2b4f92f5, 0.35233918128654973, 1
2907d3c3-7e4e-4e6f-b452-8e79d9f09dcb, 0.35233918128654973, 2
2ab2c93c-2248-4899-b772-314bd12623fb, 0.35233918128654973, 2
2ab381e3-d15d-45a1-baf5-cf791a55ebf0, 0.35233918128654973, 2
42f7de9c-eaa7-4a8a-9d16-3d5e7415a007, 0.35233918128654973, 2
52770768-0691-411c-bf7e-eede7a0ca754, 0.35233918128654973, 2
5bda4f42-94d6-4802-9575-07c82187fc8e, 0.35233918128654973, 2
73b90eed-b0a0-423d-a882-817d4c469e49, 0.35233918128654973, 1
77905193-5b63-458c-b9ad-8b7c22e5d6a1, 0.35233918128654973, 2
82e6bcc0-d4a4-4d62-8aa8-2061decccc1f, 0.35233918128654973, 1
85308c4a-071d-4a2f-81c8-5b2a982a8818, 0.35233918128654973, 1
85e8046d-3720-43fe-9300-e09a7f806bab, 0.35233918128654973, 2
a64eae3e-3b58-4042-9109-65f15b20028d, 0.35233918128654973, 1
af83cb99-612b-4b68-81c1-bf246ab828d0, 0.35233918128654973, 2
b404fbbe-541a-4297-8c9f-6b82a7408146, 0.35233918128654973, 2
ca81f801-ecc3-45fc-8bda-b6743f9ea37e, 0.35233918128654973, 2
df0d4386-88e2-4541-a819-0bfa9fb181a2, 0.35233918128654973, 2
e2c2c3cb-a2ff-461a-a436-57ed54f8c570, 0.35233918128654973, 2
e468c578-75de-4e83-856e-0be24645b907, 0.35233918128654973, 2
e6cf0c07-9e15-450c-9f3e-4d3e7c46cf4a, 0.35233918128654973, 2
fab52676-f31c-4a1a-9528-a76d81ec6975, 0.35233918128654973, 2
8fb63259-aeb8-4b4e-a4b5-61c4a194cbee, 0.3501461988304094, 1
a34ad0b3-c036-4228-a2a6-430d06c2538e, 0.3501461988304094, 1
bfdca25e-6aad-42bf-a4ed-dfb243a55a54, 0.3501461988304094, 0
fa643158-1466-4ca5-ba14-96639d7f24ab, 0.3501461988304094, 1
0ad1bda7-60bd-4582-ad5f-cd2b7c7d477b, 0.3486842105263158, 1
5ba48421-22ea-4402-8c72-e1c96ffa2b53, 0.3486842105263158, 1
71ed49a4-3186-4bf2-a823-ed89853d60a3, 0.3486842105263158, 1
b4330057-e0af-44cf-88ed-f994fd3289b0, 0.3486842105263158, 1
c6801e07-10c0-408a-8e80-15fd7119287b, 0.3486842105263158, 1
d3e6f930-4e49-463c-a482-09d6f85b8250, 0.3486842105263158, 1
28c4a5e3-f6a1-4dd8-899d-cf626072a124, 0.3472222222222222, 1
544bd63f-743f-421f-ac77-f2545a0fefc7, 0.3472222222222222, 1
7aaab25e-6e43-4cf7-9bbb-300cdf337b3e, 0.3472222222222222, 1
825a0eef-0e38-4d13-ad64-1cc6d518557b, 0.3472222222222222, 1
e3361528-07c4-4362-a56d-0573ed9db8b8, 0.3472222222222222, 1
18723ad9-d0c5-4247-a53f-b0f71c66532c, 0.3464912280701755, 0
ad368920-f1b2-4902-9e0d-e62f12ffc452, 0.3464912280701755, 1
1a2b2807-f6e7-4b29-8229-1ab6e52b37b0, 0.3457602339181287, 2
1fd88743-81a5-406e-b5bd-e3188e45bd48, 0.3457602339181287, 2
1ff88b79-8c42-4498-abd2-3bcde3221a4e, 0.3457602339181287, 1
38f3d3b8-16d7-4f2b-9ef3-0f2f951c4485, 0.3457602339181287, 2
4767ad72-7d0d-42c8-8deb-7214fcd8be63, 0.3457602339181287, 2
4b9de71a-639a-41d5-bbdb-cb677fb8837d, 0.3457602339181287, 1
61a51fde-c16b-4a33-9696-ba11de6078a0, 0.3457602339181287, 2
689e3fa3-79d0-4a60-b079-39f9f82837f1, 0.3457602339181287, 1
81e8e30a-8209-40cd-aa8c-15f02fe6564b, 0.3457602339181287, 1
89f7fada-379d-4ace-b567-5f45768de984, 0.3457602339181287, 1
8a982440-2196-4d06-b92e-9277f9f391c3, 0.3457602339181287, 2
b2efaf32-5e2b-4da9-ba96-bb35a8ea6d1a, 0.3457602339181287, 2
c4605472-6197-47bf-833c-41702f35a53f, 0.3457602339181287, 1
cda9bb0a-3821-4d7d-b225-af1264c940b0, 0.3457602339181287, 2
d92294fc-47e3-4673-af39-48721acf668f, 0.3457602339181287, 2
e1092414-26b6-433c-91d6-f4bc30675b57, 0.3457602339181287, 1
f78ab3be-f384-4052-ba27-61978d7a86dc, 0.3457602339181287, 1
f7cff4ab-9d1c-40ba-b6dc-c26e1f8e454c, 0.3457602339181287, 1
cd6e1618-cf08-488b-bb66-cb6291598a99, 0.3435672514619884, 1
db9dca93-7946-431c-8eda-004cf3eaf9df, 0.3435672514619884, 1
148e1d68-ec5a-4f75-91af-8f17b21eb614, 0.3421052631578948, 1
3066d32e-333c-4fa7-81d0-f309ea9d2800, 0.3421052631578948, 1
3f0e8be0-3e00-424b-bece-26376193369b, 0.3421052631578948, 1
88b400d3-8b2b-48a8-a299-2b520a56d071, 0.3421052631578948, 1
c17205f7-3183-418e-af93-c1a50a87a851, 0.3421052631578948, 1
56be7b98-acf6-49b8-99dd-47155aa741d1, 0.3406432748538012, 1
65f60c6b-0607-4a6d-acfc-fa0e9aa8ab7f, 0.3406432748538012, 1
8c0813cb-b061-4a2e-82d2-43d8e7865047, 0.3406432748538012, 2
b142eaae-ea50-497e-ad61-dfead2781b9a, 0.3406432748538012, 1
fc199e10-4c53-4e4c-9f75-5d028d160c6a, 0.3406432748538012, 2
d8076da3-fa85-4a01-a071-b7db95340dbf, 0.3399122807017545, 0
15a07dea-dc4a-4d3b-8c04-798438e88c12, 0.3391812865497076, 2
1c6a8649-abbc-47ca-9fc3-99945ae5f229, 0.3391812865497076, 2
23af4417-f73f-40fb-93e2-c74bf8dc6b87, 0.3391812865497076, 2
2448de16-fefb-4f7a-93fb-490e84aa113f, 0.3391812865497076, 1
2e1bee06-e72e-4cf3-8c7b-9c55e2b475e1, 0.3391812865497076, 2
4c64efef-35ce-4f20-a06b-8e22dd714ddc, 0.3391812865497076, 2
4cb3fd4c-415f-46fe-b7da-7a96529d9aae, 0.3391812865497076, 1
5881e49a-5ffe-45b6-99f8-1190b400529a, 0.3391812865497076, 2
6da7800c-a723-41ae-ae04-d57a31226969, 0.3391812865497076, 2
8163544a-6d1f-4a6a-b423-f193e35b95d6, 0.3391812865497076, 1
8588b5f3-6552-456a-8b12-e3b303ad5594, 0.3391812865497076, 2
a3c1340c-59e5-46db-b2ec-8dfda47ba4fe, 0.3391812865497076, 2
a84ed36b-f93e-40c1-87c1-5ccaadc9eeed, 0.3391812865497076, 2
b1a3ffa5-caa8-45e0-b784-770822c5af4e, 0.3391812865497076, 2
b1da85bc-132c-457f-9cdd-5139872e5005, 0.3391812865497076, 2
bcccf322-491b-41d7-8da4-d7bef76b4cbe, 0.3391812865497076, 1
c3492746-3cc3-400f-88a6-caa44d3c0d9f, 0.3391812865497076, 1
e1738071-7900-456f-874d-626bec7c80f0, 0.3391812865497076, 2
ef81e7d7-1bd5-497b-acaa-f0710d7924ab, 0.3391812865497076, 1
f789885b-5e2d-4f7e-884c-88e18f71e240, 0.3391812865497076, 2
fd4dade9-db71-49c7-86c2-57da137665f2, 0.3391812865497076, 2
60ca8bb6-9f1a-40b3-a106-c54cc9b9ffa1, 0.3384502923976609, 1
0faffb8f-3225-42b9-91bc-161f890d3676, 0.3369883040935673, 1
56afa63f-9d1f-4230-aced-2f4262a6fb2c, 0.3369883040935673, 1
f2922f36-ec1b-451e-bdec-780b235b814a, 0.3369883040935673, 1
733214ba-2830-4213-9092-8f7534e9dbab, 0.3355263157894737, 1
7ca84e01-738d-477f-97ae-1a321395bb47, 0.3355263157894737, 0
ff7298a2-8ac7-47a8-bbd9-bb3d70750233, 0.3355263157894737, 1
1530d8df-0c88-4f07-a4aa-1c59d97e48ee, 0.3340643274853802, 1
1d842892-0ecb-44af-abe0-0d19e3fc6492, 0.3340643274853802, 1
1df02d3f-fd0f-49df-8f5c-32bf7341bc20, 0.3340643274853802, 2
1f24e553-330b-44bf-ac32-c5b78dd44a60, 0.3340643274853802, 1
2871db82-9867-49d9-b870-a87d446acd4f, 0.3340643274853802, 2
4c55eafa-f5d4-48f6-9a60-a924c7c15091, 0.3340643274853802, 1
566f2028-f605-4a90-adad-e133cebb9335, 0.3340643274853802, 2
ae007869-29a4-4e84-84bd-d6749044faa0, 0.3340643274853802, 2
c5085c83-ccdd-4a3e-9e32-685328f36f49, 0.3340643274853802, 0
192ce7a2-4641-4a5b-b4fe-7b24c3e6c9c4, 0.33260233918128657, 1
19a939dd-2778-4fa1-91ac-91d7d99af573, 0.33260233918128657, 2
1cb0a2dd-18fe-44dd-b857-8041512e2180, 0.33260233918128657, 1
40e54e8b-33ed-44b6-9216-9ed3fef99756, 0.33260233918128657, 2
8d2ab6fb-f80c-4bcc-823a-e451015ebf09, 0.33260233918128657, 1
9c68433b-a27a-4d02-b8a3-6de341cfa6af, 0.33260233918128657, 0
de79a937-14ef-4024-bffd-c843d086dbd9, 0.33260233918128657, 1
fbdc6367-caa9-4f9d-8769-60dbbeef1a88, 0.33260233918128657, 1
fff6004f-e411-4666-b297-864387e69a12, 0.33260233918128657, 1
08e4c981-ab20-4d75-ae95-cb4dc9eae87e, 0.3318713450292399, 1
4a32d5ac-94b3-4291-9d8d-e6f01539c4aa, 0.3318713450292399, 1
a456aef5-c80d-469d-9267-7714b0870146, 0.3318713450292399, 0
dfc1ce5c-b9e2-405d-b670-da88fe3a207c, 0.3318713450292399, 1
5b15fb23-30d4-4bd2-947f-81e2434817bf, 0.33040935672514626, 1
2fa23018-29c0-454e-8902-86222c11b663, 0.32894736842105265, 1
76f2e643-9f3e-49ee-b47c-16efba93109e, 0.32894736842105265, 1
80a05af8-7360-4167-a7d9-a101bcd38369, 0.32894736842105265, 0
033ac58e-e0c6-4abd-97f7-0bf23574d755, 0.32748538011695905, 1
457a9088-88f7-424d-850d-5caf209a1a8a, 0.32748538011695905, 1
685fe6a8-d30c-413c-bf64-adaed43ee5ca, 0.32748538011695905, 1
b6302bee-249f-4655-bf87-7f6756502c2d, 0.32748538011695905, 2
d24ae69b-7f8b-4885-9eb7-4e955dc80c3e, 0.32748538011695905, 1
e3d1c800-0a4f-4c75-96ae-96fe0e168293, 0.32748538011695905, 1
276d8eee-b5c1-4165-a4ad-78c7be521af2, 0.32602339181286555, 2
38827374-1d8f-40a4-8889-4d911be0b782, 0.32602339181286555, 2
8d35718d-7a23-491a-9499-4b5ddebc977d, 0.32602339181286555, 1
ca0c061e-7163-4b08-9ffd-a17766a771d8, 0.32602339181286555, 1
ccfc3b60-cc82-48ea-8a8f-5a0e2e4c6dd5, 0.32602339181286555, 1
d95ff04b-afc4-43dc-9730-77e708720d4b, 0.32602339181286555, 1
b69de9eb-a42f-4aef-8bf5-fa32507ae57b, 0.32529239766081874, 1
0a0f2ec7-3d90-494d-8d02-1e18d5124d49, 0.32456140350877205, 2
33ed71e4-0f1c-4332-85e9-b7ebb0ba8582, 0.32456140350877205, 2
35589a0c-37f3-4161-89d8-bfafeb85309e, 0.32456140350877205, 2
3748314c-2fc2-4938-b938-8d38e728dbf3, 0.32456140350877205, 2
58cce273-83b8-449c-b4bb-ef388b3bf771, 0.32456140350877205, 2
767e0d13-8457-4fbf-ac15-939ea03562d8, 0.32456140350877205, 2
78e6c820-d6c9-49b5-941f-f4a73f605290, 0.32456140350877205, 2
8373388b-df12-4883-b797-682313083c17, 0.32456140350877205, 2
84d043f5-90b9-4041-8f40-c1556e3eb301, 0.32456140350877205, 1
cdb4e9f6-8a80-4cb9-93ed-a3fd80e87fcd, 0.32456140350877205, 1
ec7e80ab-9753-4aee-af9d-c27da5f75298, 0.32456140350877205, 2
27f9e75f-175a-4241-9524-6b5fdc29d858, 0.32456140350877194, 2
2f3527be-8b6a-4c7c-a43e-cfddcde9ad35, 0.32456140350877194, 2
34c51aab-a482-4d8b-8ca6-ecf949616cee, 0.32456140350877194, 2
4bf60ba7-4b0a-4ea0-8813-462e4df6a0f0, 0.32456140350877194, 2
7747ebab-43f5-4f21-a866-84d05a602ada, 0.32456140350877194, 1
8235abb0-ab18-4942-9a61-ad958f722ecf, 0.32456140350877194, 2
a9d078e7-059c-4f08-9bc5-a0f0e0b4df06, 0.32456140350877194, 2
b3ba5a94-889b-4d68-9a47-c0416743750f, 0.32456140350877194, 2
bf4c45e2-7762-4272-bdab-f0bdbe7bcd37, 0.32456140350877194, 1
c6de501c-a76e-43a5-8e3d-3b7d6eb411d4, 0.32456140350877194, 2
d6fa54c4-c401-498a-9a22-da682e4487ea, 0.32456140350877194, 2
e07bcf53-2e63-498c-ad54-d60ba0ba1bb3, 0.32456140350877194, 2
53972ed5-6586-48cf-8a4b-c33187b20b14, 0.32383040935672525, 1
e2bc03d0-a8a2-4eef-8e93-20d2cd5411f1, 0.32383040935672525, 1
c54a00d7-8187-47d5-8ef3-16fb23ceda55, 0.32236842105263164, 1
5b83c2b3-d432-4756-881b-8fa118fc0b55, 0.32090643274853803, 1
9819c2b6-dce8-4719-9239-e3dd6bf2d11a, 0.32090643274853803, 1
b19010e4-63d1-48f2-8250-f0dfa755bd75, 0.32090643274853803, 1
d66c545d-185b-4337-b4cd-a789257ad160, 0.32090643274853803, 1
e7327b30-d265-4265-b30d-898c68953d6a, 0.32090643274853803, 1
f611afed-f5db-465a-a055-24f3fce610b2, 0.32090643274853803, 1
0d1183b2-351f-4bca-a24b-a2a775c946c5, 0.3194444444444444, 1
565fbd7c-e924-4340-a236-a907a2456330, 0.3194444444444444, 1
7db46e31-c62c-42a9-96a3-3cbe21752cdf, 0.3194444444444444, 1
c1bc5473-c351-4dd6-aa1b-4653978e52e0, 0.3194444444444444, 1
d293d567-eb92-4935-9ec5-7ae800b9cf8b, 0.3194444444444444, 2
d5d915c8-3168-4887-b2a4-c88ffc4038d7, 0.3194444444444444, 1
e42e18bf-35b4-43ff-a738-09192b7f2cf0, 0.3194444444444444, 1
a74ab1a1-d501-43f1-8fc0-2118da1a39f1, 0.3187134502923977, 0
f94b1878-31b7-45a2-94c0-a01aefcf1c6d, 0.31798245614035103, 2
0149e140-1fac-4de1-88d3-9a55f0ef2f36, 0.3179824561403509, 1
35c8710f-1438-4d83-b0fa-87b96ee663c3, 0.3179824561403509, 2
6cac7a8d-9ebe-463d-af67-7c664016a81d, 0.3179824561403509, 2
a1cc534e-4bf1-4fbf-a05c-099203e6134e, 0.3179824561403509, 1
ad356a16-3775-4415-b525-10431cb5c138, 0.3179824561403509, 2
b72ff507-4cb9-4507-a3ab-e772629f29ef, 0.3179824561403509, 2
eba6adb6-3084-49b5-8a29-f163b8101cb1, 0.3179824561403509, 1
5660bf16-3c0e-49e8-be2f-2b73ab0e06b7, 0.3172514619883041, 0
b2665d73-ecc2-4397-b378-11ef10ab0ed6, 0.3157894736842106, 1
b9f351bf-4e15-4bcc-a353-485955218483, 0.3157894736842106, 1
5184ad86-2a95-43e1-b5ba-0bbba074b790, 0.314327485380117, 1
5c7ac328-f3f8-476f-adcc-af027aad343e, 0.314327485380117, 1
90ad02e2-3b38-4f85-96bb-11db04f0aeb3, 0.314327485380117, 1
f9c2f019-4c18-4f81-bbcf-b70eff1948fe, 0.314327485380117, 1
fad3d245-8ad9-4c86-b1bf-71c2c8a75bf3, 0.314327485380117, 1
1549197b-2c4d-4fde-b6ef-7e74569e00b9, 0.3128654970760234, 2
4115357e-0f0f-480e-a5fa-a078ee9a97ec, 0.3128654970760234, 2
772c3d42-f045-4b76-9bf3-92b6fb5ba661, 0.3128654970760234, 1
93129da8-2406-4050-8347-28ba392f2062, 0.3128654970760234, 1
b8983e80-08d4-4321-be7b-7185b6c33ad9, 0.3128654970760234, 1
b9e8beb4-88bc-4a1d-a669-c9e322af04cd, 0.3128654970760234, 1
cca133b2-d66c-4ba1-ae4f-e15e80eb4775, 0.3128654970760234, 1
0eeec15c-b86e-4180-8165-5a4a7aa31693, 0.3114035087719299, 2
644dbc53-a2c1-41f1-b3bc-3d684dffd4d9, 0.3114035087719299, 2
84cf990b-04c8-471a-8244-78767a558fee, 0.3114035087719299, 2
06f0a7a2-b0c0-4417-bcb1-e47ae53288bf, 0.3114035087719298, 2
1116bc84-b8b6-4486-a0d2-e2728cd9e9e4, 0.3114035087719298, 2
2715a70b-cc7b-480d-a025-b764b0d584f3, 0.3114035087719298, 2
587fa9a7-75ea-4249-bf21-bf752ba3b151, 0.3114035087719298, 2
9240b218-9b53-44eb-893e-56fe40809ea9, 0.3114035087719298, 1
acd8c6c8-23ea-4651-b1ee-22351307114f, 0.3114035087719298, 2
cdd30ba1-a493-410b-b500-71bc893280fb, 0.3114035087719298, 2
cf74cd95-0bd7-4c31-937b-f6a037e726f8, 0.3114035087719298, 1
fc4d5731-60b4-4ac4-8435-b8fd8ed94fcd, 0.3114035087719298, 2
fd20224b-2710-4036-bf85-35e4ca6f87a7, 0.3114035087719298, 2
c692c102-18b8-4d06-ab50-f495abf0717e, 0.3106725146198831, 0
1ea6e54f-f9b1-4031-983a-693ee2ca219c, 0.3092105263157895, 1
3810da28-2771-4f8a-89c0-499c976c7642, 0.3092105263157895, 1
80c70197-d6e3-4cbc-a0c3-7901605c51f1, 0.3092105263157895, 1
d4725668-4a03-4039-b95c-a0ef2aa6b6a3, 0.3092105263157895, 1
1a290c9c-a168-456d-8ab5-0d376a8e82d6, 0.307748538011696, 1
8f865dee-9ba8-4fac-9585-9bf640575850, 0.3070175438596492, 1
769f1ca4-bded-413c-bbb8-9fe36447b20e, 0.3062865497076024, 2
be30faf2-658f-4c3c-9061-bf374d9c527a, 0.3062865497076024, 2
e4019a65-c6d7-4448-b7d6-bdf21874c63b, 0.3062865497076024, 1
e93feaf8-2f8e-4bdf-ae25-67ba8313f0f4, 0.3062865497076024, 1
b0afa6cd-3a14-4ff6-abf1-87cb2a8299b4, 0.3055555555555556, 1
603b02e1-4aec-4bd0-8ddb-b56b4da810bc, 0.3048245614035089, 2
09f88065-9eaf-42ea-b0b4-a3f005e4f861, 0.3048245614035088, 2
1cadcc68-41e6-4de6-bdff-da7d193b723f, 0.3048245614035088, 2
34c73ef5-b3ea-4295-8cc1-4b75314cde0d, 0.3048245614035088, 2
484124e2-5222-4a6f-b95c-5c0775a2e549, 0.3048245614035088, 1
5a410e61-9ed0-4d5e-bb00-442dff49c1e5, 0.3048245614035088, 2
5a743f78-b3d4-4135-888e-ab6340e6336e, 0.3048245614035088, 1
b1dc5a88-3050-451e-b43b-cde80d9ca6be, 0.3048245614035088, 2
b7990de0-daa7-4d3f-a160-44be7a63b306, 0.3048245614035088, 2
bce6f295-77e9-422c-bcc8-a80bf0d1094a, 0.3040935672514621, 0
1f820883-86ca-426e-b538-6b8b3eaadc4e, 0.3026315789473685, 1
326669df-4bb0-49c0-abf0-fa5812022218, 0.3026315789473685, 1
c71cd84c-f889-4359-9dfe-65a183982f2f, 0.3026315789473685, 1
ecd2ecd9-91cc-4bbf-9b17-2ea3f7bfe47c, 0.3026315789473685, 1
3fc58d84-cee0-495f-8507-e0092114faa8, 0.30116959064327486, 1
cd1ca31c-4107-4466-9e98-5cc332548c8a, 0.30116959064327486, 1
20e44bfc-742b-43b4-9300-315c3f762bcc, 0.29970760233918137, 0
aa966d3a-d18a-4bcf-a057-4c5d29b69fc1, 0.29970760233918137, 1
bd1f9f42-3f39-48da-a5fa-81489ab2a41b, 0.29970760233918137, 1
eb478741-65a1-48c6-b949-410844d4280f, 0.29970760233918137, 1
4a36a243-3674-4ce8-8891-9d155c83a2ad, 0.29824561403508787, 1
83031c92-f64a-42f7-9251-49aa9bfe7505, 0.29824561403508787, 2
bd87e601-8416-40f4-b4fc-a8a1c7799593, 0.29824561403508787, 1
33fb75a7-003d-4cb9-9965-29dd411fdef1, 0.29824561403508776, 1
737dc677-f06a-48ee-9c41-6671135ff4ca, 0.29824561403508776, 1
b31fc0d2-4ae0-40aa-b059-0c4375dcffdd, 0.29824561403508776, 2
ad58af86-ec0e-44c0-ad32-fa0f3f7e85d4, 0.29678362573099426, 1
f02c964e-cf52-465a-ac86-286363f3af86, 0.29678362573099426, 2
24b3893f-7120-45f5-92fc-af23561558f5, 0.29678362573099415, 2
2a6c3019-16ca-4f55-a754-c4d36d4a3e3a, 0.29678362573099415, 1
3558fc23-ea50-44dc-b3a2-17bc768eb056, 0.29678362573099415, 2
4fc01862-91bb-4f1f-8f8e-9f6ba7546b06, 0.29678362573099415, 2
5e5013a2-cb0a-4831-b8f8-681a7372f53d, 0.29678362573099415, 1
67f52572-49cd-42f5-8580-7f9a5e51f2ed, 0.29678362573099415, 1
b19a74c2-6968-4725-9c65-aacc446a6e7e, 0.29678362573099415, 2
e40b4ae8-f943-4785-b82f-bdff55ba1816, 0.29678362573099415, 1
fc131372-423f-4775-b5e9-df4735e6e486, 0.29678362573099415, 2
dbfd427c-1603-4bbc-83e0-bda0f5a7253b, 0.29605263157894746, 0
63996eb7-bc92-48f8-b2fa-dd65b3d647c1, 0.29459064327485385, 1
e2cd12c2-536f-4367-aedd-2cf1da88097d, 0.29459064327485385, 1
3c09f3cb-fb68-44cf-9f80-fc33f85ae836, 0.29312865497076024, 0
4759bda8-9aa9-47cf-abd5-69208ba64fe9, 0.29312865497076024, 1
ae469556-7f34-4061-9c05-ce6a671aab04, 0.29312865497076024, 1
d2d74272-5300-4fd6-9b75-7429ae4c75ad, 0.29312865497076024, 2
3b9ac2d1-243d-483e-9282-395a5acd3d03, 0.29166666666666663, 1
b7ec834b-4bb9-433f-bfd7-bad777be4fd2, 0.29166666666666663, 2
154eecf4-acd3-4f1f-9bdb-c11e365262ad, 0.29093567251461994, 0
03b8c311-17d4-4eec-ba42-2f282d4ebb2a, 0.29020467836257324, 2
46a2c117-88c6-4790-9d58-c09394fb4765, 0.29020467836257324, 2
6a54907d-9f21-470c-81eb-db53c63aa7f3, 0.29020467836257324, 2
8df0bff0-e77b-428e-9bcd-1771c5b0e126, 0.29020467836257324, 2
e611770c-3882-4d65-b43b-c3d809731d85, 0.29020467836257324, 2
0b437bdb-e4bd-48f8-b070-799d8e89189b, 0.29020467836257313, 2
13766b29-fc4a-44b8-a1c8-567677b13baa, 0.29020467836257313, 2
1bdac35a-5e12-436e-b4b7-c36db36f0e33, 0.29020467836257313, 2
44a7da78-84cf-4280-bc13-0f3ff4ae605d, 0.29020467836257313, 2
47ccebcd-d071-4d76-b7fe-a20c4768918a, 0.29020467836257313, 2
500e1903-869b-46a5-b9e1-6c7323843329, 0.29020467836257313, 2
56712744-2a83-4b02-bbd2-a4aa5c00befc, 0.29020467836257313, 1
75ac2528-464b-4f92-b449-dfd3e3ed7609, 0.29020467836257313, 2
a73f9895-0ff4-4954-8137-909b26c2b80c, 0.29020467836257313, 2
ca6b288c-5127-409c-a622-c783d37f5b76, 0.29020467836257313, 2
ef12a702-7188-4e90-a285-794eb84161de, 0.29020467836257313, 2
0a208b36-c76a-4216-b72f-0c4e1753225f, 0.2894736842105263, 1
963cf781-1234-498c-ba5b-0943b7a78a8c, 0.2865497076023392, 1
c362e86a-6b81-457b-b90e-197377ecd14f, 0.2850877192982456, 1
cd40d3d6-e953-4591-9022-e3956dec7a6f, 0.2850877192982456, 1
fdf2dd08-de37-444d-bb65-3a417904c9e4, 0.2850877192982456, 1
6929017b-cee0-4d78-84a4-4563aaf316be, 0.2843567251461989, 1
36d4d4e8-3892-44a7-9365-290c76304297, 0.2836257309941521, 2
e9221b1d-efc0-4b51-8380-be0efac32a62, 0.2836257309941521, 2
02eb93fc-93d1-4621-b0bb-3287e5656bce, 0.283625730994152, 1
2f925585-0f57-40cb-bc31-fbb930a94dbf, 0.283625730994152, 1
343a9ea9-1cae-4eb8-9e48-00a136b4db34, 0.283625730994152, 1
3ab81240-5946-44e1-90c1-f42db2c2fd34, 0.283625730994152, 2
85b20c83-3ee6-4c3c-9e60-fc6a46721018, 0.283625730994152, 1
a0d110f5-e1ce-41d8-bfca-91949146094e, 0.283625730994152, 2
b8dea77e-acc2-41f5-98d2-af23836ea0ef, 0.283625730994152, 2
bbdfa8f7-06e3-4dfe-aaa2-2b8302690e81, 0.283625730994152, 1
c0b5a5be-51ce-40ba-aff0-7d309bfa9066, 0.283625730994152, 1
fe93fe52-2f6f-4df3-bd36-14f175405675, 0.2828947368421053, 1
0b185dfa-8d2a-4168-a4d8-473f84f42050, 0.2799707602339181, 1
97a660a6-fb70-4266-bbf8-b76cd5a85fa3, 0.2792397660818714, 0
d13c9dae-203a-44b6-b60a-f4c365a1247b, 0.2792397660818714, 0
02ec6128-6419-4ede-83e4-f8a32ee72931, 0.2785087719298247, 1
19d1c1fb-6927-4264-bd7a-99ff4840b2b3, 0.2785087719298247, 1
22f94700-af9e-4773-9bc8-050fa1d0dba1, 0.2785087719298247, 1
6a1a7645-8603-4b0b-800a-4ea4322c3267, 0.2785087719298247, 1
8bbeb3a3-e3c2-495a-be38-44119f5c2bf0, 0.2770467836257311, 2
9e598323-3aa1-4034-b4ed-53e2fdf13cf8, 0.2770467836257311, 1
bf7be124-c9fb-4ffb-ad11-d42b569a59aa, 0.2770467836257311, 1
cced4675-cc45-4135-a9e2-9b671faa56b5, 0.2770467836257311, 2
33b9d87b-18a4-4976-878f-ccce83355a0c, 0.277046783625731, 2
f4290f01-63af-4dc1-99c3-f8f4b5d60f7d, 0.277046783625731, 2
50247d80-8b7c-4686-a537-d1e80b862026, 0.2763157894736843, 1
62baf517-db8b-42b8-bac2-e6bd474241ae, 0.2748538011695907, 1
87a804cd-c59c-4a64-b7e8-79b80978f338, 0.2748538011695907, 1
2d902821-641c-45e7-8fb5-3a630f876522, 0.2733918128654971, 1
5f76ed35-fcd3-4694-ad76-6b92a7d9387e, 0.2733918128654971, 1
f0b43db8-4a54-427f-bcd0-1127cf21a3b1, 0.2719298245614037, 1
2dad0bf1-44dc-4be3-92de-33e8a958ee4e, 0.27192982456140347, 2
a95db501-fd18-4bde-af7b-9669d00e213a, 0.2711988304093568, 0
4c2c23e2-5af8-4df2-884d-d34c484c8145, 0.2704678362573101, 1
3a315aba-c1b4-445a-861f-eb8175373662, 0.27046783625730997, 2
47fbcc9c-b93b-4869-93ed-3d3fbcc71dda, 0.27046783625730997, 1
6ded19f5-7194-4f27-88ba-435d3b048631, 0.27046783625730997, 2
b5ee80e8-51c3-4bbe-afed-1c8e34bd3ff8, 0.27046783625730997, 1
03a932b8-a5a3-41ff-a862-791af5ac2bab, 0.26973684210526316, 1
8480c812-8c56-460d-b35b-f30f89035678, 0.26973684210526316, 0
0a57315b-6a19-41ee-b6e9-e5b62578c642, 0.26900584795321647, 2
1292cdfb-304f-4138-ba07-083e1a7bbbb7, 0.26900584795321647, 2
45a30702-bd37-4d7e-9609-b4f66bd15255, 0.26900584795321647, 2
4b0584e5-8409-4581-8f85-11f8050560e8, 0.26900584795321647, 2
545aed67-a71e-4448-9684-0d79f83b5f5a, 0.26900584795321647, 2
5c795d24-cbd1-4bb2-9e49-edfd53aba06b, 0.26900584795321647, 2
6b3877c2-a5b6-4459-b6c2-c2d61d99fba0, 0.26900584795321647, 2
86e6e2a7-52da-4678-be0d-d0c9d36fce37, 0.26900584795321647, 2
a395c1d5-e538-4eee-a3ec-413bb93bb558, 0.26900584795321647, 2
e1b46eb0-e8a8-4c6f-9d8d-0fd75caebdcd, 0.26900584795321647, 2
189f5c17-4d0f-4424-8c58-6956570c6d0e, 0.26827485380116967, 1
1fb8b63e-34ec-485d-81d1-72bda468c8d5, 0.26827485380116967, 1
de080976-8f5d-44ce-b429-73fb865839d6, 0.26827485380116967, 1
1281e05e-dae8-4325-a27a-d823b900fc2a, 0.26535087719298256, 1
19f8e382-f8c2-4468-8fc4-31b8f304f589, 0.26535087719298256, 1
610e7402-1785-4507-84c0-0fc1a24ea0df, 0.26535087719298256, 1
44d51eb3-e1e4-455c-883b-449e2cd99a94, 0.26535087719298245, 1
a3fb70cb-1b91-4003-b64e-064c4c1d8bfc, 0.26535087719298245, 1
b346dded-7d4e-49f2-95d2-0957e7485d3e, 0.26535087719298245, 1
f8f64ec3-6e85-417d-a351-ff4044e3044c, 0.26535087719298245, 1
917958b2-1e13-48f5-a5a7-92e837174f9c, 0.26388888888888884, 1
efb161bd-c836-4616-a7c2-5d7843aa688f, 0.26388888888888884, 1
935739e7-2ba7-4921-a3f7-f7d8d4683972, 0.26315789473684215, 1
05eae5f7-b5e7-4261-9fde-6a626444ef4a, 0.26242690058479545, 1
2241d911-233b-4b21-9f45-205712665cb3, 0.26242690058479545, 2
2a9b4930-4373-4eeb-95db-7935a790069b, 0.26242690058479545, 2
354d0a31-4841-4249-bdbe-ff92b2dcc627, 0.26242690058479545, 2
3e9ead25-681e-4b38-b7a5-b7df286b2815, 0.26242690058479545, 1
4bc02e68-b16d-419c-a5a4-89eb5181359e, 0.26242690058479545, 2
6cb8dddd-8e52-4bff-9fa4-7a108bd49d33, 0.26242690058479545, 2
80784fc4-58c0-4f88-a5f8-4bc7e47d9f85, 0.26242690058479545, 2
837f049f-4665-4cfe-a41a-2d2b38a51a88, 0.26242690058479545, 2
ea5ed25d-8786-45b1-ac22-5db11444b14b, 0.26169590643274854, 1
2c513a7a-a977-4560-877b-ffe5141b3796, 0.26023391812865504, 1
3a0adb45-1e8c-457e-a9d8-cbe6e854a66b, 0.26023391812865504, 1
71b3579f-082b-45fd-a949-15e91cc29773, 0.26023391812865504, 1
eb2394ec-aa72-4d9a-bd5c-ef9acb9b6e6f, 0.25950292397660824, 1
978626b2-ebe9-4f3b-a226-632114bfb05e, 0.25877192982456143, 1
9c7e7e13-4286-4657-b6d6-fc1cc8eba34f, 0.25877192982456143, 1
0ae190d1-9016-490c-823a-77971612f1f1, 0.2573099415204678, 1
2b040475-8da8-4874-bebe-001025fa6825, 0.2573099415204678, 2
5df89786-beba-4311-803a-8cbef5813e98, 0.2573099415204678, 2
8ae1e0d7-2fe0-448f-a383-694a8fd9f7d6, 0.2573099415204678, 2
49bccf02-a1ac-4c91-8f91-80882999f830, 0.25657894736842113, 1
0b92b1fb-85d2-49cc-b342-a9cbf606254c, 0.2558479532163743, 0
17177712-c019-4770-8045-246ef7f8dcf7, 0.2558479532163743, 2
1980871a-d07e-4b96-9e2c-672137948bb5, 0.2558479532163743, 2
2fda9dab-29d7-42d9-9cc7-191fc63f8763, 0.2558479532163743, 1
332cb574-b624-4eae-bc43-9b8c7f316a08, 0.2558479532163743, 2
7c1ebd62-fcc7-4b1f-b9ac-42366b94c8ce, 0.2558479532163743, 2
830ddf07-22b6-4362-bef6-3798c7337dc4, 0.2558479532163743, 2
91e35904-86b7-4e6d-9b00-caedc85de4fd, 0.2558479532163743, 2
9d116813-478f-42c6-aae0-df83f884c704, 0.2558479532163743, 2
b5eb9e20-ae56-4e10-83d8-84c5941e8ba3, 0.2558479532163743, 2
f88b5007-c242-4bd7-8074-d770be4ffde8, 0.2558479532163743, 1
fbd82eac-06fb-4509-9307-f941e6406339, 0.2558479532163743, 1
42e24041-b1e3-4ec6-883b-099faf760ea3, 0.2551169590643275, 1
3b1e7a7c-8404-4b7a-9050-f0659ad21ca6, 0.2536549707602339, 1
76de77e3-56f3-4e4e-8e0b-f223b3dad768, 0.2536549707602339, 1
e2047b8f-1fc6-4ddd-bf46-2957ef532502, 0.2536549707602339, 0
f8f8839a-029a-432f-b45e-e52c58cefa1d, 0.2536549707602339, 1
3a6a413c-d009-4b4f-8922-7bed33866b8e, 0.2521929824561404, 1
44f1f2d8-b707-4b47-b3d9-6e4ed84aa667, 0.2521929824561404, 1
16d7c106-ea41-49a3-8760-7db6b0a0a5e1, 0.2507309941520469, 1
3039b4d9-8be1-4ab7-a5e7-e862f645733b, 0.2507309941520469, 1
acf8a0f8-6ce4-416c-befb-6926c1ef2f8b, 0.2507309941520469, 1
9bd270ff-373c-4eb5-9c08-4974a5e4ffa7, 0.2507309941520468, 1
cb17c11e-b037-4028-be8c-9542bf5d7677, 0.2507309941520468, 1
193c1fea-53ff-4526-95d2-864f74016548, 0.2492690058479533, 1
564ee2b9-7905-47d8-8ca1-3ea7650e87e3, 0.2492690058479533, 1
7c6261f3-6669-44b8-b11d-f7db05627007, 0.2492690058479533, 2
7fa53b7a-155d-4106-a4f4-d031aceb30e6, 0.2492690058479533, 1
8ccab121-48a9-44c3-93c2-ab8fa77520fa, 0.2492690058479533, 2
955d6804-9e38-4461-94c0-2fae9c583e77, 0.2492690058479533, 1
c64346f6-e6bf-4607-9373-e5e8ae2698ad, 0.2492690058479533, 2
e7b2e448-dce8-4f1a-8a22-6a8c4447794d, 0.2470760233918129, 1
41abf827-4e34-424c-9063-48b391142e2d, 0.2456140350877194, 1
5a423993-ff08-4ff6-9a38-64816114a96a, 0.2456140350877194, 1
f80c51dd-a634-4d99-9679-fcfc4b7247d5, 0.2456140350877194, 1
80b51046-8ec5-46b6-817f-60eef5f6c670, 0.24561403508771928, 0
0f961278-e367-45aa-95f1-392369c0f734, 0.2441520467836258, 1
2bcef6c9-64a9-4a3a-ae20-ad890d0e4e5d, 0.2441520467836258, 1
1b5381d3-4b93-47a9-8606-28e39125d974, 0.2426900584795323, 1
8316a022-1d6e-40d7-a2f5-3d17118bf601, 0.2426900584795323, 1
d986aaa4-6110-47b4-ae24-b2fca0da8831, 0.2426900584795323, 1
0a3a219c-46e7-4e98-8c80-a8ab2d5640ed, 0.24122807017543868, 2
17e88743-f341-46e5-be84-3d5d48688f3f, 0.24122807017543868, 2
2f6030a1-9bcc-4e79-a6b6-cca3e17c2443, 0.24122807017543868, 2
355098c4-31ae-4249-88f9-6a1597d3a510, 0.24122807017543868, 2
4573daef-5107-4406-864e-cc02d57b65c7, 0.24122807017543868, 2
4eec66f9-f6bb-430b-a97e-df0ccb2f2d0c, 0.24122807017543868, 2
99b6b4f6-1d2b-447d-9613-ef98ce155add, 0.24122807017543868, 2
a554f943-7100-440f-99dd-a188b0cf523e, 0.24122807017543868, 2
b6bf68e9-e9e2-4b2b-a7ae-ba85f807435d, 0.24122807017543868, 2
be541ad3-2cfd-4723-85b9-d0ec0f6ebbef, 0.24122807017543868, 2
c23d91da-b2b7-43c9-8cab-3abc635036ba, 0.24122807017543868, 2
d941d3c1-1d48-419f-9a52-f220bde8e2f8, 0.24122807017543868, 2
e2cb76a2-6fd2-4d74-a9d7-949aa86620c2, 0.24122807017543868, 2
e72bc596-668e-4ba2-81c1-a590b14d9e66, 0.24122807017543868, 2
de948786-9f65-4c2c-84b0-ad4579bd1b85, 0.24049707602339188, 1
39658e39-44ea-458c-89e0-a1f08c8fc6b9, 0.23903508771929838, 1
4059d0fe-6569-4992-8d69-db8238f940b2, 0.23903508771929838, 1
739ff0a5-c393-4786-99c7-9e6d592293f6, 0.23757309941520477, 0
2296f2c4-9837-45c5-80b8-1a2d7858dc0c, 0.23757309941520466, 1
72c8369d-0e84-4025-8aee-ecea472397dd, 0.23757309941520466, 1
b7d397bf-2b75-4e4f-8b7c-f2bd66d85962, 0.23757309941520466, 1
c4abbcb2-e861-4eb1-9050-6360463cb846, 0.23757309941520466, 1
31f839d3-bd3e-43b2-84bf-332c6d87259c, 0.23611111111111116, 1
5d3319c5-3566-44ee-8e62-cadebd31fc97, 0.23611111111111116, 1
63af9002-dbc5-471c-81ef-1f2472b613dd, 0.23611111111111116, 1
65ee5069-b55a-412e-80ff-c8af063bcc9b, 0.23611111111111116, 1
7fab95eb-a2a7-4c99-b4bc-a4c8686007e3, 0.23611111111111116, 1
f36321cc-8520-44d8-b56d-9ea4b87977f5, 0.23611111111111116, 2
0fc18b2a-46ee-4fae-9b6e-170910637d3d, 0.23464912280701766, 2
152b0e6d-fc31-4014-b375-61d63bcbfa6a, 0.23464912280701766, 2
158381dc-f208-44b6-bda5-7b7dc2bd2b53, 0.23464912280701766, 2
1d34adae-8d84-49cf-831c-718447a0f183, 0.23464912280701766, 2
2cfe8141-3ec5-4448-8093-03572549be9d, 0.23464912280701766, 2
3036011a-e3f0-4fb9-9cd4-6c44586e2886, 0.23464912280701766, 2
3bffe940-20c5-4a13-a51c-06daa9ecdcc9, 0.23464912280701766, 2
421d4d57-f0b7-4af3-894b-4ed795ff8af9, 0.23464912280701766, 2
77149f8b-6f0e-4970-8e0e-deec0f6ad3b9, 0.23464912280701766, 2
95c18f32-3f29-4bb4-9827-1085f9214b64, 0.23464912280701766, 1
9d3cb4ec-e4b9-4c80-97f1-b7fea746c5e4, 0.23464912280701766, 2
a1adf98c-9306-4534-8e0f-dc1e9f6591f8, 0.23464912280701766, 2
5742c720-24b0-4c69-a437-b3614088479f, 0.23391812865497075, 1
e6c4dc6c-bf28-47da-b8e3-5b39b74faadb, 0.23245614035087736, 1
eea64d97-4d76-49ec-995a-ab92b84f3e01, 0.23245614035087736, 1
2ce9c29a-74e4-4a3b-9a1d-4e25a35880a4, 0.23245614035087725, 1
0b808f38-468f-48fe-aa46-2fed22a4ecb6, 0.23172514619883045, 0
6e36cdf7-dc6c-4ce8-9750-3fd931e76a41, 0.23099415204678364, 1
92690fa7-a423-461b-ac58-d5ae6863cad9, 0.23099415204678364, 1
c798a93d-0905-4d6a-8b73-4e179a9f34f0, 0.23099415204678364, 1
e13e5c6e-081a-4032-ab70-f25d29ba850c, 0.22953216374269014, 1
f7a93f2d-d712-41f8-bf86-56b4c60c8ec4, 0.22953216374269014, 1
6927714b-1e4b-4486-9cfc-4eef81ff60e6, 0.22880116959064334, 1
dea91e38-a1ad-4be9-b7a6-daa96c238ac0, 0.22880116959064334, 0
0e802049-865b-4a57-93af-b960ba47f514, 0.22807017543859653, 2
2298dca9-c99e-42c2-84b9-3032856e0e85, 0.22807017543859653, 2
2fe322ba-e409-44f5-8e36-75a069248990, 0.22807017543859653, 2
4131324d-67f9-449f-a33f-f03ab1df3960, 0.22807017543859653, 2
4b20c933-e1c9-4638-88d8-13a21787df54, 0.22807017543859653, 1
6ba51e9d-8791-4b1e-b93c-0530eee4d12d, 0.22807017543859653, 2
752ce628-b2c5-43de-9157-7bdd4c43f74f, 0.22807017543859653, 2
bb4030e0-195a-4b6f-b442-602812b584f7, 0.22807017543859653, 2
e53d3517-c4b3-4bb0-a04c-470987f99fbb, 0.22807017543859653, 2
fd14ff6b-2e1a-420f-90be-d1f1336bf7c9, 0.22807017543859653, 2
2da2702a-9465-419d-99ad-9805e7505fc3, 0.22733918128654973, 1
461fca85-5b52-401d-8ca1-2542c73e26e5, 0.22733918128654973, 1
7976166e-a659-48c9-86ba-e1ff99aa57b8, 0.22587719298245623, 1
8e9e3b8a-b278-42d4-bdd1-8aab0cddc334, 0.22441520467836273, 1
1925770d-3b84-46b5-bdd3-504c8b8d01cd, 0.2244152046783625, 1
71dd69c1-69cc-4ed4-83b9-35a37c7a5e5d, 0.2244152046783625, 2
a94ab1a0-5c20-4c6d-8ef0-4afa24808a3a, 0.2244152046783625, 1
1acdb315-a000-4701-9ede-c07c72f27657, 0.22295321637426913, 2
518b22fe-d15f-438b-8b7d-a73f9344850e, 0.22295321637426913, 1
7651e608-4676-425e-929f-5d545873c928, 0.22295321637426913, 1
b67bbcba-ef2d-4ae9-a833-c5587625261e, 0.22295321637426913, 1
dcd1b0c7-3f39-4fae-9c2c-19097be6e8c8, 0.22295321637426913, 1
3bc351bc-397b-43da-8a07-cf803176e25e, 0.22222222222222232, 1
86c74d1b-c09e-4779-9900-4dad1c9fdf3c, 0.22222222222222232, 1
09bfb2a4-0d9e-4d88-b5f6-caf537c419d4, 0.22149122807017552, 2
64d42579-6818-47b1-bf26-a018a2c8a3d3, 0.22149122807017552, 1
74c2f00d-65dd-400f-9183-5ba8d585a1a2, 0.22149122807017552, 2
e5f94c32-3f7e-4e81-a74b-9cfe2c4979e4, 0.22149122807017552, 2
067b6c2a-bf33-4989-a129-700757439eb9, 0.21929824561403521, 1
9fa6f43e-b2ad-4866-808d-b12a1dc7b1f5, 0.21929824561403521, 1
213ff2f8-210c-4543-9a33-c50f0e493f9c, 0.2178362573099415, 1
063db5bc-d10d-4825-a101-a62a21b9fb2b, 0.2163742690058481, 2
8ff828fd-d5d2-455c-8944-d61ac1726a46, 0.2163742690058481, 1
6c07685c-3527-4040-b40c-d536244d98a2, 0.2156432748538012, 1
37876c16-fc28-4060-a07f-344b8849f948, 0.2149122807017545, 2
37d2b787-4932-4cfb-8772-17db373bf7ad, 0.2149122807017545, 2
58c7328c-212a-4cfa-9ec4-e192e585aed1, 0.2149122807017545, 2
8f26312b-c451-441a-b2a4-16dbc0ab2908, 0.2149122807017545, 2
ce4b4b81-c29c-41f3-84a2-1e779b3da75a, 0.2149122807017545, 2
db749f24-6c6e-4ad5-82e7-74acca5c9d12, 0.2149122807017545, 2
0e359982-15ea-4cf1-91ab-026b46f75334, 0.2134502923976609, 1
0e438322-dfcd-464a-8cd8-3b26dba251f0, 0.2134502923976609, 1
44d8367a-304b-40a3-97d0-a718c3f11a92, 0.2134502923976609, 2
4c0d889b-fcb6-4204-956f-b46965eb13f5, 0.2134502923976609, 1
5310d3c1-3a07-4def-92e0-43600de82556, 0.2134502923976609, 2
5f123175-afc4-4626-a51f-6a70fed97368, 0.2134502923976609, 2
83c8e300-41e6-456a-899d-b48d4ed91f7c, 0.2134502923976609, 1
845cfcce-e65d-457c-a669-4780be63f483, 0.2134502923976609, 2
8a822de8-5510-4236-920f-cb257bd2b594, 0.2134502923976609, 2
a383ab92-34bc-4dd3-b544-2ca735198c0b, 0.2134502923976609, 2
aa1e94de-5635-46f1-911f-fefebaf0de35, 0.2134502923976609, 2
c072f8a7-db39-4196-ae34-847e51cf5d83, 0.2134502923976609, 2
c740ec6d-c03e-42a6-b35f-c29c52c85fa4, 0.2134502923976609, 2
d197e992-0171-42c6-ab36-2e71bc8e9138, 0.2134502923976609, 2
dd533948-d442-4ffc-8d0c-f468334d7790, 0.2134502923976609, 2
df1d3d60-d37f-4a7c-a4d4-e3c1d898467b, 0.2134502923976609, 2
f710f01b-a5b5-4522-b0d2-c16337724aa6, 0.2134502923976609, 2
0e1d85e1-a78f-4925-b884-d43a20a10dd1, 0.2127192982456142, 1
d525ade1-7c4f-4035-8d98-a130c6a5945b, 0.21271929824561409, 1
8152631a-65c8-4c04-8c67-7203eba874dc, 0.21125730994152048, 1
f82801c2-b303-47d4-9d3d-153b54c82c4b, 0.21125730994152048, 1
f863a48f-140f-423b-abd0-1b142c6134a0, 0.21125730994152048, 1
55ed0067-c0a8-4cae-981f-c919bd74a120, 0.20979532163742698, 2
7ada0e31-94f2-43d7-9811-6760e5eee1d1, 0.20979532163742698, 2
ddf2de8f-dabd-4848-8316-6e0377f93026, 0.20979532163742698, 1
ad53398e-f219-4e18-80b9-dba636bc8175, 0.20906432748538017, 1
31f09755-19a7-4cbf-bd8e-fa9c2671bd0f, 0.20833333333333337, 1
611732b2-bba8-4bf4-8e57-ae68cc7a0bd1, 0.20833333333333337, 2
a4a7060e-e7f5-468f-8b97-454f45046b6e, 0.20833333333333337, 1
a5b5ccec-bc83-4c56-80b6-16900dca663b, 0.20833333333333337, 1
c3ee1cc9-33a9-4b08-a988-1314253bab80, 0.20833333333333337, 2
e1e5548e-0772-490d-946d-8e027b6b1f09, 0.20833333333333337, 1
01a5823e-9bf7-4af0-aa91-0b771b62e9e9, 0.20687134502923987, 2
297d28a9-ddc8-467d-9b88-07807c0de1a5, 0.20687134502923987, 2
2a5ef17a-4120-4066-99a0-b1167a614d36, 0.20687134502923987, 2
3a3a0a57-5855-4c29-809c-8d73b13fe089, 0.20687134502923987, 2
7c68d4fb-04f8-48fd-be6f-766dfc3aa8b1, 0.20687134502923987, 2
9e0f852d-5e02-49ea-8a62-a872d381342f, 0.20687134502923987, 1
acf3f12d-d366-4f23-99d3-d7f2f7967fe5, 0.20687134502923987, 2
d3c734c5-7799-46b0-98cd-2cd2e5633128, 0.20687134502923987, 2
00b3ef0b-ac23-4a57-8490-ab114eb83142, 0.20614035087719307, 1
2dec3dbd-0133-4cd1-9791-d976253ba205, 0.20614035087719307, 1
11f95f5f-1669-428c-9c2e-731e1fcba618, 0.20467836257309946, 1
acd9c82e-0073-4fe0-991f-0cd5e3de9fef, 0.20467836257309946, 1
f4197084-ebaf-485d-b4db-a7b4afc48a0f, 0.20467836257309946, 1
1811fd7c-0cfa-43e3-b1ea-efa312a95be1, 0.20321637426900596, 1
9e978a91-a2ab-4e89-b19f-b9f538a4f54c, 0.20175438596491235, 2
cdf5adbe-92a0-4b61-9b2d-712049166486, 0.20175438596491235, 1
f9c84573-49a4-46e4-ab02-0fd796345ed6, 0.20175438596491235, 2
19370651-8f02-4536-8a38-43c6be81754e, 0.20029239766081874, 2
1b2850ad-78fb-40ec-8fca-f4662281e53d, 0.20029239766081874, 2
20f46cdc-251c-4dca-95fa-96b68617496f, 0.20029239766081874, 2
265574e2-c70e-4624-951c-cf303f5a4d98, 0.20029239766081874, 0
71e78f33-6925-4cc6-9dee-5ed44b0b2b15, 0.20029239766081874, 2
7f8a59d3-b5dd-4711-b269-d96f2ed702ce, 0.20029239766081874, 2
cad9cc99-1388-406d-834a-ac4ac825e76e, 0.20029239766081874, 2
e0982b27-2e1e-4f7c-ae9a-3d403cf6a942, 0.20029239766081874, 2
3a1fcff4-1fa1-4116-ab96-00a647be6b80, 0.19956140350877205, 1
a3a399b7-a3d5-41c8-945e-76e26242c7d5, 0.19956140350877205, 1
010733eb-c22e-4bc6-b705-2c7639f820aa, 0.19663742690058483, 2
6547ea20-9aef-422a-a0e1-f3bb9bdeded3, 0.19663742690058483, 2
773a8379-3d70-421a-9508-d5840445c2b8, 0.19590643274853803, 0
5b9adcde-3a7c-47d4-b23e-24bdcc28b98e, 0.19517543859649134, 1
603708bb-911c-4e16-a600-1dbac2f8fe0a, 0.19517543859649134, 1
6f36bbf6-6e04-495e-a61f-3daf899d40d6, 0.19517543859649134, 1
8f26c6d8-8696-4c47-80eb-60c5745adb3c, 0.19517543859649134, 1
e41a2e5c-1a6f-441e-9256-86aba72a8bf5, 0.19517543859649134, 1
0eaecc9c-1f15-4df4-b311-8c892c16075a, 0.19371345029239773, 1
1de9d53b-ea11-4f67-ada6-a0b7c4ac7cc9, 0.19371345029239773, 1
37935f1c-497f-49b6-89ad-c62511c3a8fa, 0.19371345029239773, 2
382764b6-0549-42b7-8d29-ac6d053aced8, 0.19371345029239773, 2
4d2cdd7a-67ff-4bd6-bc26-f82880f193f2, 0.19371345029239773, 2
9fcc4112-9748-405a-942c-4b3008aa2a72, 0.19371345029239773, 1
b420b78d-c30e-42e7-b1a8-61fff1fc3a0a, 0.19371345029239773, 1
d065f6d4-0696-4bd4-9567-26ea300afa6a, 0.19371345029239773, 2
f258f2dd-d7b5-4d9f-9bfe-08b8d53827e6, 0.19371345029239773, 1
8d714759-e356-45ce-8fd8-5980960408a7, 0.19298245614035103, 1
e75181b7-57f2-49ed-916e-83b84ce1ce30, 0.19005847953216382, 2
107d4473-5da2-4c3c-911a-f7db081b3f3f, 0.1885964912280702, 1
67d92d08-2950-4da0-87df-b7c3cab86280, 0.1885964912280702, 2
e38329db-8334-40ac-b8fa-019108c0441f, 0.1885964912280702, 2
0908c440-5e4e-4e38-bfd8-9c79111ab09f, 0.1871345029239767, 1
0f53a6cc-e948-48ad-927f-5e157754163a, 0.1871345029239767, 1
2fbe109c-cdfa-4e1e-be18-372d0f859485, 0.1871345029239767, 1
83dde9f7-3ba0-48de-a4c4-295e3da1e186, 0.1871345029239767, 1
baca65a6-5651-4f9a-ac9d-caf4a9ac1139, 0.1871345029239767, 2
e79452b2-244d-493e-9242-dd6e42616796, 0.1871345029239767, 1
ea75df00-11b8-438b-8633-cf4522c0f756, 0.1871345029239767, 1
0dfa93ba-b13b-457d-be7c-25eb5eab73b8, 0.1856725146198831, 2
3135fe28-0158-4523-8054-2b71ef44a858, 0.1856725146198831, 1
8c8f0253-8c79-4a2a-b0fd-afa185fa8ef1, 0.1856725146198831, 2
b9c80dcd-07c4-4a30-b52c-288980c81164, 0.1856725146198831, 2
f47d47aa-7d99-49f0-84e8-f8ce7260c62b, 0.1856725146198831, 1
fa0afde2-dc1c-41a1-9844-82041627eba2, 0.1849415204678363, 1
4de44749-1f5e-479c-a59d-0c0db6438fb5, 0.1834795321637428, 1
70d06725-ee29-44b7-b35b-64247f6a8d38, 0.1834795321637428, 1
c82db491-5266-4469-ba4c-a2c66f9e9f4e, 0.1834795321637428, 1
47e2e905-7ef4-4857-80fd-dc7b595c6ba6, 0.1820175438596492, 1
82628764-e2b6-4000-b593-d81947fefe94, 0.1820175438596492, 1
a529e48e-3c7e-4725-a7e2-c2c487f600bc, 0.1820175438596492, 1
b8241e9e-b3e0-43de-b437-6fb93371b198, 0.1820175438596492, 1
a0289ce2-6003-4a95-bedc-c3fa63fd8eb3, 0.18055555555555558, 2
af14b6a0-10d0-430d-b521-00de84e258cd, 0.18055555555555558, 1
b9db4a87-0a3c-4396-a40c-c91d933ea48b, 0.1798245614035089, 1
086211ae-cb1e-4706-b59e-d21bb8a5c5db, 0.17909356725146208, 2
6648653f-3e5a-474c-a69b-7231d96cb469, 0.17909356725146208, 2
6d99781e-4303-424a-aae1-eed33cc9667b, 0.17909356725146208, 2
d8658119-a3fd-4269-822b-2ec125e04b65, 0.17909356725146208, 2
62053831-55a2-4841-95dd-fe542b60dae4, 0.17836257309941517, 1
76ff7a4f-df3c-4ff5-b3bb-da4aa570a628, 0.17690058479532178, 1
724c3d73-2a3b-4707-9018-ed680f7ec16c, 0.17543859649122817, 1
a532f297-02c6-4a59-a9fa-94724755fef5, 0.17470760233918137, 1
0cb7c2c1-d8b6-4104-8942-59f6190030a9, 0.17397660818713456, 1
135da4f5-75b3-43d6-903e-325105a7d8c8, 0.17397660818713456, 2
3b0b06a1-460f-4f2b-8430-35cad3b0b904, 0.17397660818713456, 1
43ae8c94-c169-4848-a26d-fbeecb88aafb, 0.17397660818713456, 2
6282d325-d69b-4798-aad3-590e3fb227c9, 0.17397660818713456, 1
f9511bec-8ec2-4dc5-a517-a3a04240d96d, 0.17397660818713456, 1
c7573e84-5612-4caf-a813-516ea9ed38d6, 0.17251461988304095, 2
ce82ad1b-a34b-4df2-a29f-56be1ae531b1, 0.17251461988304095, 2
dd81c978-4e27-4d80-8638-337d09b21b1d, 0.17251461988304095, 2
0c7d2d06-3680-4970-a9d9-8088bf7fa19d, 0.17032163742690065, 1
cc4691c1-10ba-4215-aafa-a139b15178d9, 0.16885964912280715, 0
14fff6ca-0312-490c-9e96-1d2dba46822d, 0.16739766081871355, 1
9dcdb9e4-a263-4027-99d6-d5a1d7585ba2, 0.16739766081871355, 1
a7121d70-9970-4fac-81ea-b6251df4813f, 0.16739766081871355, 0
b244b3b4-d043-45a1-b100-1c4702738a20, 0.16739766081871355, 1
8255df10-04bc-456b-9f28-6d9e7479d9e1, 0.16666666666666674, 1
f5a92c44-3b1b-4757-aa87-d854ef9aa5fe, 0.16666666666666674, 0
10ae0273-5ef7-48dc-ae64-2739324934ed, 0.16593567251461994, 2
ec14cb55-e998-42e8-87b8-142e1a0df435, 0.16593567251461994, 2
3d4e8d5a-3b9d-4dd8-b0c6-f7ee2e34beea, 0.16374269005847963, 1
469147ba-3f64-42e0-9ac3-2f68cdaa70a2, 0.16374269005847963, 1
8d4a8751-d0fc-49fd-9552-95ebf0023c4b, 0.16374269005847963, 1
d4a8446f-5751-4e10-9198-39efb03b3167, 0.16374269005847963, 1
cf767107-dbc7-40c1-84f4-3bf4fca57daa, 0.16228070175438603, 2
dad83658-20bd-4382-a5d8-3c9a9efa4ecc, 0.16228070175438603, 1
3e1273a0-b6b9-4ab8-86c9-1ec6cb21cef5, 0.16081871345029253, 1
d5cb1613-9947-44a0-893d-099e56bdef26, 0.16081871345029253, 1
20ac81ee-a846-4584-9758-ee1e340c7293, 0.158625730994152, 1
05091e6b-a333-47a5-b3ee-f69013464671, 0.1578947368421053, 2
2a5dd789-b199-4f7f-86b4-29a7c80fc6c5, 0.1578947368421053, 2
4d8bd3eb-9fef-4c92-8fd7-23f8eca8aa11, 0.1578947368421053, 2
75b5c38c-54fd-4044-9d08-fb0ef986c52e, 0.1578947368421053, 2
b57a19b8-7ab8-456f-82ab-4c33ffde88a4, 0.1578947368421053, 2
cf8d4dd4-5564-46ef-9ef8-03a0f95a1ce1, 0.1578947368421053, 1
eeb69370-8c97-4a1f-a32a-5a869f17d141, 0.1578947368421053, 2
1b105af7-0164-4948-84fb-497268c4d913, 0.15716374269005862, 1
5b1917c4-bdf0-4f2c-99bd-1cc871178dd1, 0.1542397660818714, 1
ab96cbaa-5957-4ee5-9cf4-ca90dc559237, 0.1542397660818714, 1
422a05ac-0486-4fa2-9dc0-c1cfe1f9337f, 0.1527777777777778, 1
17e7b3b5-6988-44ea-8e68-2439931c390d, 0.1513157894736843, 2
1b675aa5-9740-4e69-8d8d-fbb52a93879b, 0.1513157894736843, 2
20a59281-a87f-41e1-b24b-b84fcd77ee4c, 0.1513157894736843, 2
34d9ac49-76b2-48f4-af42-b8bbb5e669b5, 0.1513157894736843, 2
35f16761-1667-479b-96b3-18524d883e9b, 0.1513157894736843, 1
3798cadf-9308-4543-86c4-d98973096523, 0.1513157894736843, 2
44473026-eb88-4f8b-82cc-fdf3fa5962bd, 0.1513157894736843, 2
5a015d2f-a193-4579-83c9-e9e093e87574, 0.1513157894736843, 2
5fa02fff-71bd-48fc-accc-bb7ee11c6b31, 0.1513157894736843, 2
6565bd4c-1e56-4ff4-b5cd-4cc8a07d0d90, 0.1513157894736843, 2
66cae98c-7011-49b5-96d8-d622d2eac873, 0.1513157894736843, 1
6e8c4e11-b467-4511-9b72-fb0f9b925749, 0.1513157894736843, 2
7cac555d-0794-4f04-8e94-c97be58c16e4, 0.1513157894736843, 2
84c86a8a-a9ae-44e7-a69f-777f187aa3cb, 0.1513157894736843, 1
9e88e587-4da1-4434-878e-484730985864, 0.1513157894736843, 2
de68ea07-53b5-440c-9153-5e9cd0857eb3, 0.1513157894736843, 2
9da7fc48-d9c9-4806-84c7-5864f20debc7, 0.1505847953216375, 1
c073ed93-3e73-4d87-b3c5-4ba4ab653ad0, 0.1505847953216375, 1
c1a06a7a-ecaa-4672-b3b2-dfb9516f5acc, 0.1505847953216375, 1
dd1b3fb3-ef0d-493d-8635-be8e3c188c28, 0.149122807017544, 1
3b2cea64-bf7d-4801-af1a-b3dc4bd0141e, 0.14766081871345038, 2
81e915cf-05f6-4e06-8935-a8070033dce9, 0.14766081871345038, 1
fca1a79b-f2f1-4fa5-9d42-d0f9eb6c0b48, 0.14766081871345038, 2
9ca0b232-5dd4-475a-b2cb-f375f4f24ae8, 0.14473684210526316, 2
c51c3bc8-c725-4640-bfe8-480133ebd747, 0.14473684210526316, 2
081d010b-5326-416a-a79d-31e5fa284bbe, 0.14254385964912286, 1
1ea3ab8a-6e45-425b-8f8b-b493f9b8d8d0, 0.14108187134502925, 1
2925961d-b693-4864-8268-95bdf17a42ca, 0.14108187134502925, 1
320eba3f-ece6-478f-91c4-dfc83b922626, 0.14108187134502925, 2
b094a159-edf4-4c91-ba97-6e288bb5c76c, 0.14108187134502925, 1
cb8becd0-f97e-4850-9272-02c9490300fd, 0.14108187134502925, 1
25c62e54-efa2-42b9-a4bc-0348edb37e08, 0.13961988304093575, 1
03d43e6f-3528-4676-a4a0-001661415c72, 0.13815789473684215, 2
183687d7-ce5a-43ab-9a0d-dcc6c56e57be, 0.13815789473684215, 1
60976f03-19f3-4a31-9ab0-7baf4ef52fe6, 0.13815789473684215, 2
6ca76357-a1a3-47c1-9a38-99b1fbd4d97a, 0.13815789473684215, 2
70e210a8-8768-4820-bbe1-12d0fbec6fc5, 0.13815789473684215, 2
8f1067b8-9c67-430a-b06d-1fbe884ad69e, 0.13815789473684215, 2
97a51299-76f8-41c1-8a74-a4aa6cf787a8, 0.13815789473684215, 2
244ef5b6-d3f5-41d2-a85d-0f0118580528, 0.13596491228070184, 1
956ce647-d1fa-4238-b9ee-95467654a9b0, 0.13450292397660824, 2
a68a9bdc-a0d3-4bc4-924e-11f7fb978c53, 0.13450292397660824, 1
0a4441ed-dc8e-4201-aae2-55b7de64bc80, 0.13304093567251463, 2
e0a1b3ad-cd33-48db-a448-03acd25adae3, 0.13304093567251463, 1
66bf6227-c7b7-49f0-bb51-30e65e63ee99, 0.13157894736842113, 2
7652b869-7281-4188-ba87-6a9c316de531, 0.13157894736842113, 2
cc34dc31-2df5-4c9e-bfd8-ba17438f13cc, 0.13157894736842113, 2
d56009d0-5e5b-4b3c-9c36-e58dc1cbe045, 0.13157894736842113, 2
f831e1ab-612a-419d-8202-54af5081d20e, 0.13084795321637432, 1
29bc0276-0793-4589-add7-d859c072ab49, 0.12938596491228083, 2
2ec0c4eb-d421-4b1b-9f56-8a391726d7db, 0.12792397660818722, 1
3f1b1890-4305-4793-8290-18a116faf1d8, 0.12792397660818722, 1
711a70a3-e2fa-4631-af90-6d5774677542, 0.12792397660818722, 1
a02d17a7-1bd8-47b4-8bfb-808c159b730d, 0.12792397660818722, 2
f09a9504-39a9-4aaf-8ec6-8a70553fa51a, 0.12792397660818722, 1
2d6b211e-ae3e-456b-b633-b182045abc72, 0.1264619883040936, 1
8acfa8cd-0c0c-4422-85de-8acd77360431, 0.125, 1
c645095e-7746-40f6-801c-4a5bda0c1b08, 0.125, 1
e81630ee-36c2-4fa7-8c67-8b17450b3919, 0.125, 1
daff6d2f-d570-4cde-bb20-100c4b2763a8, 0.1228070175438597, 1
1dbf9df6-74c4-4e50-a2bd-ec7f36be1d43, 0.1213450292397662, 1
3644af50-b477-4dbc-afb0-58d02c39f3eb, 0.11842105263157898, 1
67c755cd-8386-4518-8423-be95cb458981, 0.11842105263157898, 1
f464f99c-5ae6-49b4-b217-b31ca79f76eb, 0.11842105263157898, 1
dcd8d243-b3bb-4750-b4b7-cc8f31df0103, 0.11622807017543868, 1
41b0d693-bbaa-4df6-9f10-55a8a055f6e8, 0.11476608187134507, 0
55e0c10a-7756-45e6-ba2f-fe4a98abe206, 0.11476608187134507, 2
99db4f9a-7937-48cc-87c1-a86953ee9bed, 0.11476608187134507, 1
d737214d-325d-4d3e-a556-795ad87b2ee1, 0.11476608187134507, 1
841d202b-4f2c-44e9-b158-2e4e18e2419e, 0.11330409356725157, 1
101886ef-8b9b-4ba2-9dc9-2d742050759d, 0.11184210526315796, 1
562822da-3bff-4428-90c5-1422333ad34e, 0.11184210526315796, 2
73f8c4e8-b318-4dc0-8ec9-a53ce047805a, 0.11184210526315796, 1
b67129c1-8152-4c33-a9bf-59d083483e59, 0.11184210526315796, 1
742576d6-875d-447f-9ed5-622d00c2021a, 0.10818713450292405, 1
2147f25f-e7f0-47c6-bcd2-3db28d336ca4, 0.10672514619883045, 1
7312d80c-6304-417f-bfc9-d34198547216, 0.10526315789473695, 1
797dd01a-6427-4a6d-bcd6-7f5d67c0eb40, 0.10526315789473695, 1
e3de8c03-b6af-4c82-be25-a8c313b95a47, 0.10453216374269014, 1
a53f4882-ea42-4abf-8458-533d0eeff52e, 0.10307017543859653, 1
e7fb13a2-0f6b-4e11-aade-3942657fc228, 0.10160818713450304, 1
408078ba-3072-4467-8e04-5a71a1d3e70b, 0.09868421052631582, 2
798c7b00-9713-4187-82e8-16e1f82420e1, 0.09795321637426913, 1
2ebbdb5c-bd00-47c9-ae06-2bceefeb5494, 0.09502923976608191, 1
3469722d-3650-4750-a815-37549b68194f, 0.0921052631578948, 1
1888ca31-9f8a-4ad1-8270-edfa26d42962, 0.0899122807017545, 1
64184359-e9a8-4216-bc5f-57da5d66c2c0, 0.08845029239766089, 1
54b07f5e-6f1d-4f43-9c27-93630f3caf23, 0.0877192982456142, 0
1de41a9a-6742-4059-a6ba-a420a8cb08aa, 0.08040935672514626, 1
f3f144dc-e16f-48fb-819a-0bd5419e0531, 0.07821637426900596, 1
919498f6-2ef5-453f-a28f-02f1711310fa, 0.07675438596491235, 1
f2701e4a-0970-45b3-9c58-f98f8d1cbc87, 0.07456140350877194, 0
3a2ec0e2-d793-4eb9-b1c5-859b1e104f4b, 0.07236842105263164, 1
52b58f56-8894-4ad3-ab43-9eefc2d0eec9, 0.07236842105263164, 1
5a273144-2c0e-4d00-92e9-9d1f691d77ff, 0.07236842105263164, 1
14941bb0-541a-4a53-a337-b60be4fc51cd, 0.06725146198830412, 1
9a0636aa-42d9-4656-bc6a-8d893c694d0e, 0.06725146198830412, 1
032f1403-aa67-476d-8f42-9cbc2a95e2e9, 0.06578947368421062, 2
37f6810c-fddc-40e7-b3d1-4a98fc76c0f6, 0.06578947368421062, 1
47486aa7-a27c-4f48-8141-6e5405e7262f, 0.06578947368421062, 1
81177a08-090e-4b79-86c0-8b9db4ec6953, 0.06578947368421062, 1
2433f70c-0233-4042-93c2-8c1647ef32c5, 0.04897660818713456, 0
cefe6fac-aa51-4528-9d18-1b4fe8b19218, 0.04897660818713456, 1
bebc6868-722a-4ac3-bc9d-0af4916b3aa6, 0.040935672514619936, 1
9dd9d933-236e-4c88-beab-560b8a1eec0e, 0.03581871345029253, 1
e907b5c6-a18a-4f47-a372-98bdf4354ce5, 0.03581871345029253, 0
bfd6618a-2afc-41de-a4ad-bf3b18233ece, 0.03289473684210531, 1
cbb26529-b6e2-4944-af27-9d75aacb9702, 0.026315789473684292, 1
4f6b55cc-82e6-4989-b8d5-309e59578e2d, 0.019736842105263164, 1
e0bfee10-8977-4d2b-b62a-3647c459ea2e, 0.019736842105263164, 1
e6d9e363-4f2d-49a4-b80f-83e3fd6fe756, 0.019736842105263164, 1
fcfa26e1-fb5a-429f-af47-89556581343d, 0.008040935672514626, 1
1594dea0-beb7-48d3-b42f-e48d56e075ab, 0.006578947368421129, 1
5f40dcbd-6f44-4227-9427-2740565159cc, 0.0, 1
